0.	68.27536170553624
0.0001	68.25838405314934
0.0002	68.24154453817003
0.00030000000000000003	68.22484312318224
0.0004	68.20827977038617
0.0005	68.19185444160634
0.0006000000000000001	68.17556709829208
0.0007	68.15941770151149
0.0008	68.14340621195308
0.0009000000000000001	68.12753258993676
0.001	68.11179679539988
0.0011	68.09619878791757
0.0012000000000000001	68.08073852669017
0.0013000000000000002	68.06541597053634
0.0014	68.05023107792746
0.0015	68.03518380695648
0.0016	68.02027411534834
0.0017000000000000001	68.00550196047593
0.0018000000000000002	67.99086729934609
0.0019	67.976370088602
0.002	67.9620102845408
0.0021000000000000003	67.94778784309841
0.0022	67.93370271986235
0.0023	67.91975487006529
0.0024000000000000002	67.905944248598
0.0025	67.89227081000499
0.0026000000000000003	67.87873450849042
0.0027	67.86533529791407
0.0028	67.85207313180408
0.0029000000000000002	67.83894796334799
0.003	67.82595974542183
0.0031000000000000003	67.81310843055068
0.0032	67.80039397093657
0.0033	67.78781631847527
0.0034000000000000002	67.77537542473533
0.0035	67.76307124097151
0.0036000000000000003	67.75090371811716
0.0037	67.73887280680582
0.0038	67.72697845736737
0.0039000000000000003	67.71522061982395
0.004	67.70359924390111
0.0041	67.69211427903285
0.004200000000000001	67.68076567434913
0.0043	67.66955337870847
0.0044	67.65847734067604
0.0045000000000000005	67.64753750853878
0.0046	67.63673383030864
0.0047	67.6260662537197
0.0048000000000000004	67.61553472624097
0.0049	67.60513919508192
0.005	67.59487960717846
0.0051	67.58475590922276
0.005200000000000001	67.57476804764869
0.0053	67.56491596863575
0.0054	67.5551996181361
0.0055000000000000005	67.54561894183351
0.0056	67.53617388520377
0.0057	67.52686439347995
0.0058000000000000005	67.51769041166912
0.0059	67.50865188454262
0.006	67.4997487566734
0.0061	67.49098097241085
0.006200000000000001	67.48234847589248
0.0063	67.47385121105414
0.0064	67.46548912163101
0.006500000000000001	67.45726215114439
0.0066	67.44917024295422
0.0067	67.44121334021986
0.0068000000000000005	67.43339138590443
0.006900000000000001	67.42570432281416
0.007	67.4181520935642
0.0071	67.41073464061657
0.007200000000000001	67.40345190625932
0.0073	67.39630383261897
0.0074	67.38929036166547
0.007500000000000001	67.38241143523983
0.0076	67.3756669950166
0.0077	67.36905698252387
0.0078000000000000005	67.36258133917896
0.0079	67.35624000625879
0.008	67.35003292489036
0.0081	67.34396003612424
0.0082	67.33802128084926
0.0083	67.33221659985622
0.008400000000000001	67.32654593385844
0.0085	67.32100922342947
0.0086	67.31560640906359
0.008700000000000001	67.31033743115219
0.0088	67.30520223001344
0.0089	67.30020074586646
0.009000000000000001	67.29533291887051
0.0091	67.29059868908553
0.0092	67.28599799653756
0.009300000000000001	67.28153078116299
0.0094	67.27719698283971
0.0095	67.27299654141392
0.009600000000000001	67.26892939666898
0.0097	67.26499548833019
0.0098	67.26119475610983
0.0099	67.25752713967158
0.01	67.25399257863955
0.010100000000000001	67.25059101264792
0.0102	67.24732238126361
0.0103	67.24418662408398
0.010400000000000001	67.24118368066925
0.0105	67.23831349057605
0.0106	67.23557599335838
0.010700000000000001	67.23297112859703
0.0108	67.23049883585053
0.0109	67.22815905472211
0.011000000000000001	67.22595172479791
0.0111	67.22387678571391
0.0112	67.22193417712177
0.011300000000000001	67.22012383873256
0.0114	67.21844571023323
0.0115	67.21689973141812
0.011600000000000001	67.21548584208747
0.0117	67.21420398210557
0.0118	67.21305409141135
0.0119	67.21203610995462
0.012	67.21114997780383
0.012100000000000001	67.21039563506413
0.0122	67.20977302192574
0.0123	67.20928207864169
0.012400000000000001	67.20892274558055
0.0125	67.2086949631613
0.0126	67.20859867193396
0.012700000000000001	67.20863381250321
0.0128	67.20880032559806
0.0129	67.20909815205535
0.013000000000000001	67.20952723281435
0.0131	67.2100875089169
0.0132	67.21077892153828
0.013300000000000001	67.21160141197848
0.0134	67.21255492164389
0.0135	67.21363939210306
0.013600000000000001	67.21485476503027
0.0137	67.21620098225489
0.013800000000000002	67.21767798574267
0.013900000000000001	67.2192857176093
0.014	67.22102412010808
0.014100000000000001	67.2228931356918
0.0142	67.22489270692473
0.0143	67.22702277655532
0.014400000000000001	67.22928328748853
0.0145	67.23167418283087
0.0146	67.2341954058299
0.014700000000000001	67.2368468999242
0.0148	67.23962860874765
0.0149	67.2425404761051
0.015000000000000001	67.24558244600385
0.0151	67.24875446262998
0.0152	67.25205647039887
0.015300000000000001	67.25548841389026
0.0154	67.25905023793568
0.0155	67.26274188752576
0.015600000000000001	67.26656330789119
0.015700000000000002	67.27051444448192
0.0158	67.2745952429638
0.0159	67.27880564923439
0.016	67.28314560940147
0.0161	67.28761506980662
0.0162	67.29221397705795
0.016300000000000002	67.29694227795486
0.0164	67.30179991956527
0.0165	67.30678684920446
0.0166	67.31190301441839
0.0167	67.3171483630243
0.016800000000000002	67.32252284307197
0.016900000000000002	67.32802640289627
0.017	67.33365899106046
0.0171	67.33942055644053
0.0172	67.34531104811613
0.0173	67.3513304154806
0.017400000000000002	67.35747860818815
0.0175	67.363755576193
0.0176	67.37016126967697
0.0177	67.37669563916445
0.0178	67.38335863541566
0.0179	67.39015020951847
0.018000000000000002	67.3970703128075
0.0181	67.4041188969587
0.0182	67.41129591392695
0.0183	67.41860131595304
0.0184	67.4260350555885
0.018500000000000003	67.43359708569807
0.018600000000000002	67.4412873594567
0.0187	67.44910583033132
0.0188	67.4570524521154
0.0189	67.46512717890982
0.019	67.47332996514461
0.019100000000000002	67.48166076556227
0.019200000000000002	67.49011953524808
0.0193	67.49870622956567
0.0194	67.50742080426507
0.0195	67.5162632153853
0.0196	67.525233419323
0.019700000000000002	67.53433137277926
0.0198	67.5435570328236
0.0199	67.55291035685386
0.02	67.56239130261842
0.0201	67.57199982818965
0.020200000000000003	67.58173589198925
0.020300000000000002	67.59159945281304
0.0204	67.6015904697902
0.0205	67.61170890239981
0.0206	67.62195471046641
0.0207	67.63232785419166
0.020800000000000003	67.64282829412747
0.020900000000000002	67.65345599119486
0.0211	67.67509300214368
0.0212	67.68610223969077
0.0213	67.69723858164107
0.021400000000000002	67.70850199075949
0.021500000000000002	67.71989243014285
0.0216	67.7314098632948
0.0217	67.74305425406645
0.0218	67.75482556671396
0.0219	67.76672376583112
0.022000000000000002	67.77874881645133
0.0221	67.79090068392372
0.0222	67.80317933402485
0.0223	67.81558473290661
0.0224	67.82811684711051
0.022500000000000003	67.84077564352421
0.022600000000000002	67.85356108950464
0.0227	67.86647315272259
0.0228	67.87951180130237
0.0229	67.8926770037263
0.023	67.90596872884802
0.023100000000000002	67.91938694596021
0.023200000000000002	67.93293162475682
0.0233	67.94660273530701
0.0234	67.96040024807711
0.0235	67.9743241339577
0.0236	67.98837436420804
0.023700000000000002	68.00255091054963
0.0238	68.01685374502944
0.0239	68.03128284015908
0.024	68.04583816883985
0.0241	68.06051970439887
0.024200000000000003	68.07532742051265
0.024300000000000002	68.09026129134911
0.0244	68.10532129142754
0.0245	68.12050739572186
0.0246	68.13581957957993
0.0247	68.1512578187746
0.024800000000000003	68.1668220895046
0.024900000000000002	68.1825123684033
0.025	68.19832863248419
0.0251	68.21427085918202
0.0252	68.23033902638367
0.0253	68.24653311236233
0.025400000000000002	68.26285309581479
0.025500000000000002	68.27929895587752
0.0256	68.2958706720903
0.0257	68.31256822443443
0.0258	68.32939159329544
0.025900000000000003	68.34634075947885
0.026000000000000002	68.36341570424167
0.0261	68.38061640925523
0.0262	68.39794285660516
0.0263	68.41539502881113
0.0264	68.4329729088164
0.026500000000000003	68.45067647999574
0.026600000000000002	68.46850572615678
0.0267	68.4864606315407
0.0268	68.50454118078454
0.0269	68.52274735901827
0.027	68.54107915174843
0.027100000000000003	68.55953654490779
0.027200000000000002	68.57811952489928
0.0273	68.5968280785497
0.0274	68.6156621930965
0.0275	68.63462185623244
0.027600000000000003	68.6537070560614
0.027700000000000002	68.67291778113459
0.027800000000000002	68.69225402048214
0.0279	68.71171576345756
0.028	68.7313029999611
0.0281	68.7510157202611
0.028200000000000003	68.7708539150934
0.028300000000000002	68.79081757562646
0.0284	68.81090669345946
0.0285	68.83112126060603
0.0286	68.85146126958686
0.0287	68.87192671328106
0.028800000000000003	68.89251758501825
0.028900000000000002	68.91323387861974
0.029	68.93407558832129
0.0291	68.95504270873877
0.0292	68.97613523503021
0.029300000000000003	68.99735316269864
0.029400000000000003	69.01869648774165
0.029500000000000002	69.0401652066018
0.0296	69.06175931610065
0.0297	69.08347881356622
0.0298	69.10532369674138
0.029900000000000003	69.12729396380429
0.030000000000000002	69.14938961335871
0.030100000000000002	69.17161064451199
0.0302	69.19395705674489
0.0303	69.21642885002717
0.0304	69.23902602471053
0.030500000000000003	69.26174858165417
0.030600000000000002	69.2845965221103
0.0307	69.3075698478446
0.0308	69.3306685609603
0.0309	69.35389266408066
0.031	69.37724216025534
0.031100000000000003	69.40071705297153
0.031200000000000002	69.42431734615403
0.0313	69.44804304416353
0.031400000000000004	69.4718941518407
0.0315	69.49587067442852
0.0316	69.51997261763029
0.0317	69.54419998760108
0.0318	69.56855279093223
0.031900000000000005	69.59303103468025
0.032	69.61763472631321
0.032100000000000004	69.6423638737124
0.0322	69.66721848529858
0.0323	69.6921985698754
0.0324	69.71730413671587
0.0325	69.74253519550685
0.032600000000000004	69.76789175639935
0.0327	69.79337383001086
0.0328	69.81898142739217
0.0329	69.84471455997635
0.033	69.87057323973355
0.033100000000000004	69.8965574790746
0.0332	69.92266729075584
0.0333	69.9489026881327
0.0334	69.97526368485377
0.0335	70.00175029515643
0.033600000000000005	70.0283625336209
0.0337	70.05510041531934
0.033800000000000004	70.08196395576537
0.0339	70.10895317091241
0.034	70.13606807717885
0.0341	70.16330869143941
0.0342	70.19067503096994
0.034300000000000004	70.21816711356915
0.0344	70.2457849574103
0.0345	70.27352858114227
0.0346	70.3013980038889
0.0347	70.32939324520744
0.034800000000000005	70.35751432515222
0.0349	70.38576126407494
0.035	70.41413408298666
0.0351	70.44263280316798
0.0352	70.47125744654606
0.035300000000000005	70.50000803530622
0.0354	70.5288845921684
0.035500000000000004	70.5578871403274
0.0356	70.58701570346246
0.0357	70.61627030553589
0.0358	70.64565097119711
0.0359	70.6751577253779
0.036000000000000004	70.70479059356973
0.0361	70.73454960168979
0.0362	70.76443477598997
0.0363	70.79444614338786
0.0364	70.8245837311619
0.036500000000000005	70.85484756701368
0.0366	70.88523767913563
0.0367	70.91575409621771
0.0368	70.94639684732603
0.0369	70.9771659620581
0.037000000000000005	71.00806147048938
0.0371	71.03908340303893
0.037200000000000004	71.0702317907336
0.0373	71.10150666494167
0.0374	71.13290805756452
0.0375	71.16443600100992
0.0376	71.19609052805455
0.037700000000000004	71.22787167195179
0.0378	71.25977946654237
0.0379	71.29181394590785
0.038	71.32397514485876
0.0381	71.35626309847137
0.038200000000000005	71.38867784245495
0.0383	71.4212194127548
0.038400000000000004	71.45388784618335
0.0385	71.48668317955428
0.0386	71.51960545050956
0.038700000000000005	71.55265469698597
0.0388	71.58583095746768
0.038900000000000004	71.61913427090143
0.039	71.65256467668308
0.0391	71.68612221473803
0.0392	71.71980692544324
0.0393	71.75361884975602
0.039400000000000004	71.78755802881203
0.0395	71.82162450467641
0.0396	71.85581831938421
0.0397	71.89013951607464
0.0398	71.92458813765177
0.039900000000000005	71.95916422819265
0.04	71.99386783172402
0.040100000000000004	72.02869899330891
0.0402	72.06365775783935
0.0403	72.09874417131967
0.040400000000000005	72.13395827980587
0.0405	72.16930013026032
0.040600000000000004	72.20476976954764
0.0407	72.24036724572089
0.0408	72.27609260668628
0.0409	72.31194590155849
0.041	72.34792717937954
0.041100000000000005	72.3840364899591
0.0412	72.42027388327094
0.0413	72.4566394104046
0.0414	72.4931331224946
0.0415	72.52975507101718
0.041600000000000005	72.56650530883802
0.0417	72.60338388822665
0.041800000000000004	72.6403908630653
0.0419	72.67752628601006
0.042	72.71479021366996
0.042100000000000005	72.75218270099356
0.0422	72.78970378778726
0.042300000000000004	72.82735356382294
0.0424	72.86513205782877
0.0425	72.90303933459191
0.0426	72.94107545272477
0.0427	72.97924046861873
0.042800000000000005	73.01753444152511
0.0429	73.0559574311066
0.043000000000000003	73.09450949635827
0.0431	73.13319069764582
0.0432	73.17200109607458
0.043300000000000005	73.2109407523203
0.0434	73.25000972870976
0.043500000000000004	73.28920808751474
0.0436	73.32853589173322
0.0437	73.3679932047306
0.0438	73.40758009072158
0.0439	73.44729661428795
0.044000000000000004	73.48714284069733
0.0441	73.52711883551825
0.0442	73.56722466512429
0.0443	73.60746039658856
0.0444	73.64782609724274
0.044500000000000005	73.68832183522632
0.0446	73.72894767904334
0.044700000000000004	73.76970369807366
0.0448	73.81058996185399
0.0449	73.85160654103774
0.045000000000000005	73.89275350630206
0.0451	73.93403092946541
0.045200000000000004	73.97543888255605
0.0453	74.01697743837524
0.0454	74.05864667016652
0.0455	74.10044665210982
0.0456	74.14237745855368
0.045700000000000005	74.18443916478147
0.0458	74.22663184654238
0.0459	74.26895558030304
0.046	74.31141044304773
0.0461	74.35399651237051
0.046200000000000005	74.39671386662123
0.0463	74.43956258472116
0.046400000000000004	74.48254274616839
0.0465	74.52565443113787
0.0466	74.56889772042206
0.046700000000000005	74.61227269547814
0.0468	74.65577943845425
0.046900000000000004	74.69941803203636
0.047	74.74318855969027
0.0471	74.78709110537153
0.0472	74.83112575394726
0.0473	74.87529259072721
0.047400000000000005	74.91959170174954
0.0475	74.96402317374994
0.0476	75.00858709412775
0.0477	75.05328355097181
0.0478	75.0981126330014
0.047900000000000005	75.14307442968953
0.048	75.18816903115994
0.048100000000000004	75.23339652831612
0.0482	75.27875701260051
0.0483	75.32425057624287
0.048400000000000006	75.3698773122299
0.0485	75.415637314173
0.048600000000000004	75.46153067641133
0.0487	75.50755749412808
0.0488	75.55371786300235
0.0489	75.60001187966466
0.049	75.64643964131108
0.049100000000000005	75.69300124592924
0.0492	75.73969679235199
0.049300000000000004	75.78652637996657
0.0494	75.83349010903437
0.0495	75.88058808052014
0.049600000000000005	75.92782039621623
0.0497	75.97518715857649
0.049800000000000004	76.02268847092083
0.0499	76.070324437235
0.05	76.11809516236538
0.050100000000000006	76.16600075193206
0.0502	76.21404131230027
0.050300000000000004	76.26221695060026
0.0504	76.31052777491333
0.0505	76.35897389390972
0.0506	76.4075554172023
0.0507	76.45627245521132
0.050800000000000005	76.50512511904122
0.0509	76.55411352081714
0.051000000000000004	76.60323777335816
0.0511	76.65249799028756
0.0512	76.70189428615038
0.051300000000000005	76.75142677630534
0.0514	76.80109557693177
0.051500000000000004	76.85090080511668
0.0516	76.90084257869698
0.0517	76.95092101648487
0.051800000000000006	77.00113623808676
0.0519	77.05148836400396
0.052000000000000005	77.10197751560956
0.0521	77.15260381523385
0.0522	77.20336738593521
0.0523	77.25426835179643
0.0524	77.3053068377754
0.052500000000000005	77.35648296969197
0.0526	77.40779687432658
0.052700000000000004	77.45924867934085
0.0528	77.51083851335375
0.0529	77.56256650586229
0.053000000000000005	77.61443278735408
0.0531	77.66643748919253
0.053200000000000004	77.71858074376338
0.0533	77.77086268434104
0.0534	77.82328344517737
0.053500000000000006	77.87584316148177
0.0536	77.92854196943836
0.053700000000000005	77.98138000620143
0.0538	78.03435740995232
0.0539	78.08747431979941
0.054	78.14073087584569
0.0541	78.19412721922662
0.054200000000000005	78.24766349206514
0.0543	78.30133983752077
0.054400000000000004	78.3551563997349
0.0545	78.40911332389149
0.0546	78.46321075621445
0.054700000000000006	78.5174488439823
0.0548	78.57182773544402
0.054900000000000004	78.62634757996855
0.055	78.68100852799937
0.0551	78.73581073096473
0.055200000000000006	78.79075434138869
0.0553	78.8458395129564
0.055400000000000005	78.90106640031179
0.0555	78.95643515927765
0.055600000000000004	79.01194594676295
0.0557	79.06759892070484
0.0558	79.12339424027977
0.055900000000000005	79.17933206564904
0.056	79.23541255820791
0.056100000000000004	79.29163588040944
0.0562	79.34800219589053
0.0563	79.40451166941183
0.056400000000000006	79.46116446690327
0.0565	79.51796075541566
0.056600000000000004	79.57490070321175
0.0567	79.63198447972839
0.0568	79.6892122555445
0.056900000000000006	79.74658420242386
0.057	79.80410049342825
0.057100000000000005	79.86176130268234
0.0572	79.9195668056021
0.057300000000000004	79.9775171788477
0.0574	80.03561260018311
0.0575	80.09385324874745
0.057600000000000005	80.15223930483592
0.0577	80.21077094999661
0.057800000000000004	80.26944836707031
0.0579	80.32827174015364
0.058	80.38724125455872
0.058100000000000006	80.4463570969416
0.0582	80.50561945520887
0.058300000000000005	80.56502851858606
0.0584	80.62458447756426
0.0585	80.68428752398928
0.058600000000000006	80.7441378509487
0.0587	80.8041356529794
0.058800000000000005	80.8642811258171
0.0589	80.92457446661705
0.059000000000000004	80.98501587387814
0.0591	81.04560554741195
0.0592	81.10634368844806
0.059300000000000005	81.16723049955529
0.0594	81.22826618467285
0.059500000000000004	81.28945094918264
0.0596	81.35078499982892
0.0597	81.41226854472916
0.059800000000000006	81.47390179346117
0.0599	81.53568495703422
0.060000000000000005	81.59761824783578
0.0601	81.65970187973414
0.060200000000000004	81.72193606801639
0.0603	81.7843210294439
0.0604	81.84685698226845
0.060500000000000005	81.90954414612762
0.0606	81.97238274222629
0.060700000000000004	82.03537299323148
0.0608	82.09851512328969
0.0609	82.16180935808065
0.061000000000000006	82.2252559247511
0.0611	82.28885505205496
0.061200000000000004	82.35260697020902
0.0613	82.41651191097878
0.0614	82.48057010772483
0.061500000000000006	82.54478179530098
0.0616	82.60914721019402
0.061700000000000005	82.67366659042366
0.0618	82.73834017560483
0.061900000000000004	82.80316820695012
0.062	82.86815092728129
0.0621	82.93328858102808
0.062200000000000005	82.9985814142583
0.0623	83.06402967460781
0.062400000000000004	83.12963361145775
0.0625	83.1953934757414
0.0626	83.26130952009274
0.0627	83.32738199879246
0.06280000000000001	83.3936111678685
0.0629	83.45999728493194
0.063	83.52654060937138
0.0631	83.59324140221108
0.0632	83.66009992625925
0.06330000000000001	83.72711644600275
0.0634	83.79429122767414
0.0635	83.86162453923298
0.0636	83.92911665044376
0.0637	83.99676783276412
0.06380000000000001	84.06457835946823
0.0639	84.13254850559919
0.064	84.2006785479994
0.0641	84.26896876529247
0.06420000000000001	84.33741943793227
0.06430000000000001	84.40603084817327
0.0644	84.4748032801129
0.0645	84.54373701971907
0.0646	84.61283235473711
0.06470000000000001	84.68208957484131
0.0648	84.7515089715498
0.0649	84.82109083824513
0.065	84.89083547022385
0.0651	84.96074316468255
0.06520000000000001	85.03081422069071
0.0653	85.10104893930718
0.0654	85.17144762347571
0.0655	85.24201057807471
0.0656	85.31273810995688
0.06570000000000001	85.38363052792204
0.0658	85.45468814277933
0.0659	85.52591126725444
0.066	85.59730021611101
0.0661	85.66885530611692
0.06620000000000001	85.74057685606135
0.0663	85.81246518672224
0.0664	85.88452062094258
0.0665	85.9567434836086
0.0666	86.0291341016559
0.06670000000000001	86.10169280408142
0.0668	86.17441992199664
0.0669	86.24731578854187
0.067	86.3203807390262
0.0671	86.39361511084164
0.06720000000000001	86.46701924345936
0.0673	86.54059347857046
0.0674	86.61433815993553
0.0675	86.68825363351691
0.06760000000000001	86.7623402474019
0.06770000000000001	86.83659835189081
0.0678	86.91102829946688
0.0679	86.98563044482738
0.068	87.06040514483306
0.06810000000000001	87.13535275861697
0.0682	87.21047364753301
0.0683	87.2857681751637
0.0684	87.36123670736083
0.0685	87.43687961225858
0.06860000000000001	87.51269726027975
0.0687	87.58869002410512
0.0688	87.66485827872991
0.0689	87.74120240147683
0.069	87.81772277200292
0.06910000000000001	87.89441977228493
0.0692	87.97129378667852
0.0693	88.04834520183877
0.0694	88.1255744069087
0.0695	88.20298179330757
0.06960000000000001	88.28056775492863
0.0697	88.3583326880342
0.0698	88.43627699134055
0.0699	88.51440106597518
0.07	88.59270531553655
0.07010000000000001	88.67119014606925
0.0702	88.74985596609449
0.0703	88.82870318664978
0.0704	88.9077322212158
0.07050000000000001	88.9869434858207
0.07060000000000001	89.0663373990205
0.0707	89.14591438189166
0.0708	89.22567485806061
0.0709	89.30561925373907
0.07100000000000001	89.38574799767233
0.0711	89.46606152124876
0.0712	89.54656025841692
0.0713	89.62724464574558
0.0714	89.70811512244828
0.07150000000000001	89.7891721303755
0.0716	89.87041611400313
0.0717	89.95184752052283
0.0718	90.03346679974347
0.0719	90.11527440424108
0.07200000000000001	90.19727078927144
0.0721	90.27945641277618
0.0722	90.36183173547974
0.0723	90.44439722083048
0.0724	90.52715333504204
0.07250000000000001	90.61010054710468
0.0726	90.69323932882071
0.0727	90.7765701547465
0.0728	90.86009350232615
0.0729	90.94380985176686
0.07300000000000001	91.02771968617253
0.0731	91.11182349148325
0.0732	91.19612175653234
0.0733	91.28061497300615
0.0734	91.36530363553189
0.07350000000000001	91.45018824163093
0.0736	91.53526929179486
0.0737	91.62054728943185
0.0738	91.70602274090734
0.07390000000000001	91.7916961555822
0.07400000000000001	91.87756804580401
0.0741	91.96363892693351
0.0742	92.04990931732407
0.0743	92.1363797384302
0.07440000000000001	92.22305071468655
0.0745	92.30992277364754
0.0746	92.39699644592116
0.0747	92.48427226523543
0.0748	92.57175076842456
0.07490000000000001	92.6594324954552
0.075	92.74731798941096
0.0751	92.83540779659093
0.0752	92.92370246645115
0.0753	93.01220255161158
0.07540000000000001	93.10090860794983
0.0755	93.18982119452176
0.0756	93.27894087367336
0.0757	93.36826821096797
0.0758	93.45780377526118
0.07590000000000001	93.5475481387129
0.076	93.63750187676702
0.0761	93.72766556822806
0.0762	93.81803979518385
0.0763	93.90862514313947
0.07640000000000001	93.99942220094935
0.0765	94.09043156085507
0.0766	94.18165381852293
0.0767	94.2730895730523
0.07680000000000001	94.36473942695564
0.07690000000000001	94.45660398623394
0.077	94.54868386036483
0.0771	94.6409796623269
0.0772	94.73349200860281
0.07730000000000001	94.82622151921099
0.07740000000000001	94.91916881772504
0.0775	95.01233453129586
0.0776	95.10571929063748
0.0777	95.19932373010933
0.07780000000000001	95.29314848765924
0.0779	95.3871942049005
0.078	95.48146152708304
0.0781	95.57595110318076
0.0782	95.6706635858157
0.07830000000000001	95.7655996313686
0.0784	95.86075989994129
0.0785	95.95614505538433
0.0786	96.05175576536764
0.0787	96.14759270128644
0.07880000000000001	96.24365653842564
0.0789	96.33994795585757
0.079	96.43646763652966
0.0791	96.53321626724039
0.0792	96.63019453872563
0.07930000000000001	96.72740314559539
0.0794	96.82484278643794
0.0795	96.92251416376551
0.0796	97.02041798407589
0.07970000000000001	97.11855495786877
0.07980000000000001	97.21692579967647
0.0799	97.31553122803099
0.08	97.414371965581
0.0801	97.51344873901718
0.08020000000000001	97.61276227914858
0.08030000000000001	97.71231332092422
0.0804	97.81210260340002
0.0805	97.91213086985688
0.0806	98.01239886773237
0.08070000000000001	98.11290734867528
0.08080000000000001	98.21365706859021
0.0809	98.3146487876443
0.081	98.41588327024783
0.0811	98.517361285168
0.08120000000000001	98.61908360546168
0.0813	98.72105100856591
0.0814	98.82326427625469
0.0815	98.9257241947481
0.0816	99.0284315546223
0.08170000000000001	99.13138715096953
0.0818	99.23459178331218
0.0819	99.3380462556559
0.082	99.44175137655559
0.0821	99.54570795908663
0.08220000000000001	99.64991682089614
0.0823	99.7543787842281
0.0824	99.85909467592612
0.0825	99.96406532749192
0.0826	100.06929157508809
0.08270000000000001	100.17477425956433
0.0828	100.2805142265091
0.0829	100.38651232622355
0.083	100.49276941380126
0.08310000000000001	100.59928634911697
0.08320000000000001	100.70606399688319
0.0833	100.81310322665104
0.0834	100.9204049128396
0.0835	101.02796993481549
0.08360000000000001	101.13579917679617
0.08370000000000001	101.2438935280359
0.0838	101.3522538827156
0.0839	101.46088114007378
0.084	101.56977620434532
0.08410000000000001	101.67893998488589
0.08420000000000001	101.78837339609166
0.0843	101.89807735753104
0.0844	102.00805279390434
0.0845	102.11830063509782
0.08460000000000001	102.22882181622677
0.0847	102.33961727761728
0.0848	102.45068796489403
0.0849	102.56203482897573
0.085	102.6736588261082
0.08510000000000001	102.78556091790786
0.0852	102.89774207139926
0.0853	103.01020325898719
0.0854	103.12294545857291
0.0855	103.2359696535151
0.08560000000000001	103.34927683271906
0.0857	103.46286799061609
0.0858	103.57674412722663
0.0859	103.69090624817993
0.08600000000000001	103.80535536476424
0.08610000000000001	103.92009249393386
0.0862	104.03511865836765
0.0863	104.15043488647729
0.0864	104.26604221246251
0.08650000000000001	104.38194167630793
0.08660000000000001	104.49813432389297
0.0867	104.61462120695438
0.0868	104.73140338311637
0.0869	104.8484819160037
0.08700000000000001	104.96585787518313
0.08710000000000001	105.08353233627508
0.0872	105.20150638092727
0.0873	105.31978109690282
0.0874	105.43835757807727
0.08750000000000001	105.55723692449854
0.0876	105.67642024239788
0.0877	105.79590864427786
0.0878	105.91570324889399
0.0879	106.03580518132736
0.08800000000000001	106.15621557299286
0.0881	106.27693556169709
0.0882	106.3979662917075
0.0883	106.5193089137053
0.0884	106.64096458492551
0.08850000000000001	106.7629344691108
0.0886	106.88521973663146
0.0887	107.0078215644381
0.0888	107.13074113616926
0.0889	107.25397964216754
0.08900000000000001	107.37753827953053
0.0891	107.50141825213205
0.0892	107.62562077068146
0.0893	107.75014705275322
0.08940000000000001	107.87499832285464
0.08950000000000001	108.00017581244313
0.0896	108.12568075996943
0.0897	108.25151441092898
0.0898	108.37767801791746
0.08990000000000001	108.50417284065082
0.09000000000000001	108.63100014602938
0.0901	108.7581612081723
0.0902	108.88565730846676
0.0903	109.013489735619
0.09040000000000001	109.1416597856749
0.09050000000000001	109.27016876210743
0.0906	109.3990179758169
0.0907	109.52820874523731
0.0908	109.65774239630964
0.09090000000000001	109.78762026260432
0.091	109.9178436853148
0.0911	110.0484140133312
0.0912	110.17933260328482
0.0913	110.31060081960194
0.09140000000000001	110.44222003453493
0.0915	110.5741916282367
0.0916	110.70651698881181
0.0917	110.83919751234323
0.0918	110.97223460296833
0.09190000000000001	111.10562967289675
0.092	111.23938414254178
0.0921	111.37349944045037
0.0922	111.50797700348679
0.09230000000000001	111.64281827677101
0.09240000000000001	111.7780247138417
0.0925	111.91359777661222
0.0926	112.04953893548756
0.0927	112.18584966940554
0.09280000000000001	112.32253146590537
0.09290000000000001	112.45958582112519
0.093	112.59701423994771
0.0931	112.73481823599721
0.0932	112.87299933170202
0.09330000000000001	113.0115590583951
0.09340000000000001	113.15049895629998
0.0935	113.28982057468838
0.0936	113.42952547184979
0.0937	113.56961521520634
0.09380000000000001	113.71009138133711
0.09390000000000001	113.85095555606966
0.094	113.99220933454757
0.0941	114.13385432126057
0.0942	114.27589213012651
0.09430000000000001	114.41832438457168
0.0944	114.56115271755404
0.0945	114.70437877167974
0.0946	114.8480041992081
0.0947	114.9920306621735
0.09480000000000001	115.13645983245819
0.0949	115.28129339176581
0.095	115.42653303181262
0.0951	115.5721804543054
0.0952	115.7182373710769
0.09530000000000001	115.8647055041019
0.0954	116.01158658559223
0.0955	116.15888235805866
0.0956	116.30659457442323
0.09570000000000001	116.45472499800773
0.09580000000000001	116.60327540270316
0.0959	116.752247572966
0.096	116.90164330394686
0.0961	117.05146440152299
0.09620000000000001	117.20171268241633
0.09630000000000001	117.35238997422127
0.0964	117.50349811552562
0.0965	117.65503895599277
0.0966	117.80701435636084
0.09670000000000001	117.95942618862613
0.09680000000000001	118.11227633606985
0.0969	118.26556669334319
0.097	118.41929916654024
0.0971	118.57347567331747
0.09720000000000001	118.72809814290571
0.09730000000000001	118.88316851629662
0.0974	119.0386887462242
0.0975	119.19466079731676
0.0976	119.35108664615036
0.09770000000000001	119.50796828137581
0.0978	119.6653077037318
0.0979	119.82310692622306
0.098	119.98136797411944
0.0981	120.14009288514359
0.09820000000000001	120.29928370948936
0.0983	120.45894250991299
0.0984	120.61907136187685
0.0985	120.7796723536024
0.09860000000000001	120.94074758618783
0.09870000000000001	121.10229917367509
0.0988	121.26432924317479
0.0989	121.42683993492739
0.099	121.58983340246573
0.09910000000000001	121.75331181264694
0.09920000000000001	121.91727734577152
0.0993	122.08173219571802
0.0994	122.24667857001262
0.0995	122.41211868989713
0.09960000000000001	122.57805479051584
0.09970000000000001	122.74448912098907
0.0998	122.91142394444998
0.0999	123.07886153826524
0.1	123.24680419404781
0.10010000000000001	123.41525421781787
0.10020000000000001	123.58421393011305
0.1003	123.7536856660552
0.1004	123.9236717755119
0.1005	124.09417462318315
0.10060000000000001	124.26519658872225
0.10070000000000001	124.43674006685484
0.1008	124.60880746747112
0.1009	124.78140121579149
0.101	124.95452375243237
0.10110000000000001	125.12817753357348
0.1012	125.30236503102617
0.1013	125.47708873239371
0.1014	125.65235114121623
0.1015	125.8281547770112
0.10160000000000001	126.00450217548968
0.1017	126.18139588863606
0.1018	126.35883848482806
0.1019	126.53683254901027
0.10200000000000001	126.71538068279231
0.10210000000000001	126.89448550455346
0.1022	127.07414964967063
0.1023	127.25437577052611
0.1024	127.43516653674924
0.10250000000000001	127.61652463528868
0.10260000000000001	127.79845277060356
0.1027	127.98095366475127
0.1028	128.16403005755893
0.1029	128.3476847067674
0.10300000000000001	128.5319203881386
0.10310000000000001	128.71673989567822
0.1032	128.90214604169165
0.1033	129.08814165699707
0.1034	129.27472959104756
0.10350000000000001	129.46191271209784
0.10360000000000001	129.64969390733046
0.1037	129.83807608305952
0.1038	130.02706216481036
0.1039	130.21665509757173
0.10400000000000001	130.40685784588223
0.1041	130.59767339400796
0.1042	130.78910474611652
0.1043	130.9811549264649
0.1044	131.17382697951564
0.10450000000000001	131.36712397013113
0.1046	131.56104898369867
0.1047	131.75560512642588
0.1048	131.95079552537226
0.10490000000000001	132.14662332867613
0.10500000000000001	132.3430917057658
0.1051	132.54020384750095
0.1052	132.73796296635768
0.1053	132.9363722965946
0.10540000000000001	133.1354350944834
0.10550000000000001	133.33515463845052
0.1056	133.53553422929724
0.1057	133.73657719034256
0.1058	133.93828686768362
0.10590000000000001	134.14066663030147
0.10600000000000001	134.3437198703802
0.1061	134.54745000335814
0.1062	134.7518604682385
0.1063	134.95695472776382
0.10640000000000001	135.16273626856443
0.10650000000000001	135.3692086014608
0.1066	135.5763752615834
0.1067	135.78423980865512
0.1068	135.9928058271471
0.10690000000000001	136.20207692652963
0.10700000000000001	136.41205674145309
0.1071	136.622748932041
0.1072	136.83415718401542
0.1073	137.04628520899865
0.10740000000000001	137.25913674469106
0.1075	137.4727155551344
0.1076	137.68702543092843
0.1077	137.90207018946296
0.1078	138.11785367517555
0.10790000000000001	138.33437975973757
0.108	138.55165234236952
0.1081	138.76967535002998
0.1082	138.9884527376844
0.10830000000000001	139.20798848855085
0.10840000000000001	139.42828661437647
0.1085	139.64935115564296
0.1086	139.87118618187802
0.1087	140.09379579185094
0.10880000000000001	140.31718411393874
0.10890000000000001	140.5413553062887
0.109	140.76631355714258
0.1091	140.99206308510347
0.1092	141.21860813940575
0.10930000000000001	141.44595300019284
0.10940000000000001	141.67410197880838
0.1095	141.90305941807512
0.1096	142.1328296925794
0.1097	142.36341720897033
0.10980000000000001	142.59482640625404
0.10990000000000001	142.82706175607817
0.11	143.0601277630601
0.1101	143.2940289650891
0.1102	143.52876993358777
0.11030000000000001	143.7643552738873
0.11040000000000001	144.00078962548173
0.1105	144.23807766244207
0.1106	144.4762240936207
0.1107	144.7152336630569
0.11080000000000001	144.95511115027074
0.1109	145.19586137065411
0.111	145.43748917570062
0.1111	145.67999945346313
0.11120000000000001	145.92339712883367
0.11130000000000001	146.16768716389856
0.1114	146.41287455831528
0.1115	146.65896434963986
0.1116	146.90596161371693
0.11170000000000001	147.153871465029
0.11180000000000001	147.40269905709187
0.1119	147.65244958277924
0.112	147.9031282747343
0.1121	148.15474040577763
0.11220000000000001	148.4072912892439
0.11230000000000001	148.660786279403
0.1124	148.91523077185508
0.1125	149.17063020392874
0.1126	149.42699005510985
0.11270000000000001	149.68431584738866
0.11280000000000001	149.9426131457459
0.1129	150.2018875585702
0.113	150.46214473800978
0.1131	150.72339038050004
0.11320000000000001	150.98563022712617
0.11330000000000001	151.24887006410725
0.1134	151.51311572323652
0.1135	151.77837308232424
0.1136	152.0446480656483
0.11370000000000001	152.31194664444362
0.11380000000000001	152.58027483733795
0.1139	152.84963871086228
0.114	153.12004437989356
0.11410000000000001	153.391498008195
0.11420000000000001	153.66400580883578
0.1143	153.9375740447438
0.1144	154.21220902921212
0.1145	154.48791712634653
0.11460000000000001	154.764704751677
0.11470000000000001	155.04257837260346
0.1148	155.32154450896107
0.1149	155.60160973352515
0.115	155.8827806726236
0.11510000000000001	156.16506400659705
0.11520000000000001	156.4484664704365
0.1153	156.73299485426054
0.1154	157.01865600398537
0.1155	157.30545682182046
0.11560000000000001	157.59340426689718
0.11570000000000001	157.882505355824
0.1158	158.17276716334246
0.1159	158.46419682290528
0.116	158.75680152724442
0.11610000000000001	159.0505885290744
0.11620000000000001	159.34556514167178
0.1163	159.6417387395487
0.1164	159.9391167590485
0.1165	160.23770669905812
0.11660000000000001	160.53751612161452
0.11670000000000001	160.83855265265893
0.1168	161.1408239826152
0.1169	161.4443378671568
0.117	161.74910212787606
0.11710000000000001	162.0551246529904
0.11720000000000001	162.36241339805767
0.1173	162.67097638674042
0.1174	162.98082171144907
0.11750000000000001	163.29195753421692
0.11760000000000001	163.6043920873397
0.1177	163.9181336741859
0.1178	164.23319067001367
0.1179	164.549571522666
0.11800000000000001	164.86728475344256
0.11810000000000001	165.1863389578684
0.1182	165.50674280651538
0.1183	165.82850504585102
0.1184	166.15163449906336
0.11850000000000001	166.47614006687695
0.11860000000000001	166.80203072849187
0.1187	167.12931554237502
0.1188	167.45800364720856
0.1189	167.78810426271906
0.11900000000000001	168.1196266906769
0.11910000000000001	168.4525803157227
0.1192	168.78697460638713
0.1193	169.1228191159834
0.1194	169.46012348353412
0.11950000000000001	169.79889743486225
0.11960000000000001	170.13915078343823
0.1197	170.48089343149425
0.1198	170.82413537094868
0.1199	171.1688866845223
0.12000000000000001	171.51515754665684
0.12010000000000001	171.86295822471428
0.1202	172.21229907993848
0.1203	172.56319056859738
0.12040000000000001	172.915643243058
0.12050000000000001	173.26966775290035
0.1206	173.62527484606645
0.1207	173.9824753700091
0.1208	174.3412802728566
0.12090000000000001	174.70170060455385
0.12100000000000001	175.06374751812052
0.1211	175.4274322707992
0.1212	175.79276622536895
0.1213	176.1597608513131
0.12140000000000001	176.52842772613147
0.12150000000000001	176.89877853660818
0.1216	177.27082508014138
0.1217	177.6445792660387
0.1218	178.02005311686005
0.12190000000000001	178.39725876978542
0.12200000000000001	178.7762084780103
0.1221	179.15691461211995
0.1222	179.53938966154777
0.1223	179.92364623593798
0.12240000000000001	180.30969706672644
0.12250000000000001	180.69755500854367
0.1226	181.0872330407337
0.1227	181.4787442689017
0.1228	181.87210192645057
0.12290000000000001	182.2673193761619
0.12300000000000001	182.66441011179558
0.1231	183.06338775973012
0.1232	183.46426608055577
0.1233	183.86705897081626
0.12340000000000001	184.27178046463808
0.12350000000000001	184.6784447355066
0.1236	185.08706609800151
0.1237	185.49765900953594
0.12380000000000001	185.91023807219383
0.12390000000000001	186.324818034574
0.124	186.74141379359355
0.1241	187.16004039642087
0.1242	187.58071304239516
0.12430000000000001	188.00344708490002
0.12440000000000001	188.42825803344024
0.1245	188.85516155556502
0.1246	189.28417347894424
0.1247	189.7153097934123
0.12480000000000001	190.14858665313076
0.12490000000000001	190.5840203786052
0.125	191.02162745898954
0.12510000000000002	191.46142455415594
0.1252	191.90342849704524
0.1253	192.34765629584942
0.1254	192.794125136385
0.1255	193.24285238437741
0.12560000000000002	193.69385558789872
0.1257	194.14715247973487
0.1258	194.6027609798876
0.1259	195.0606991980658
0.126	195.5209854361894
0.12610000000000002	195.98363819100805
0.1262	196.4486761566904
0.1263	196.9161182275164
0.1264	197.38598350055494
0.1265	197.85829127848467
0.12660000000000002	198.33306107225368
0.1267	198.8103126041019
0.1268	199.29006581028403
0.1269	199.77234084411953
0.127	200.25715807892269
0.12710000000000002	200.74453811107486
0.1272	201.23450176306042
0.1273	201.72707008667868
0.1274	202.22226436616296
0.1275	202.7201061214685
0.12760000000000002	203.22061711156758
0.1277	203.72381933779047
0.1278	204.2297350472531
0.1279	204.73838673631317
0.128	205.2497971541274
0.12810000000000002	205.76398930618893
0.1282	206.2809864580654
0.1283	206.8008121390133
0.12840000000000001	207.3234901458583
0.1285	207.84904454675657
0.12860000000000002	208.37749968516732
0.1287	208.90888018378618
0.1288	209.4432109486192
0.12890000000000001	209.9805171731142
0.129	210.52082434236186
0.1291	211.06415823730154
0.1292	211.61054493914568
0.1293	212.16001083374204
0.12940000000000002	212.71258261609998
0.1295	213.2682872949877
0.1296	213.827152197532
0.1297	214.3892049740434
0.1298	214.9544736027768
0.12990000000000002	215.52298639490894
0.13	216.09477199952332
0.1301	216.66985940868116
0.1302	217.24827796265592
0.1303	217.830057355212
0.13040000000000002	218.4152276389604
0.1305	219.00381923091322
0.1306	219.59586291799297
0.1307	220.19138986274982
0.1308	220.79043160914253
0.13090000000000002	221.39302008850308
0.131	221.99918762551377
0.1311	222.60896694427424
0.1312	223.22239117466222
0.1313	223.83949385857488
0.13140000000000002	224.46030895652103
0.1315	225.0848708541355
0.1316	225.71321436896775
0.1317	226.34537475732998
0.1318	226.98138772130022
0.13190000000000002	227.62128941577714
0.132	228.2651164558809
0.1321	228.91290592420688
0.1322	229.56469537851783
0.1323	230.22052285934626
0.13240000000000002	230.8804268978716
0.1325	231.54444652396492
0.1326	232.2126212742927
0.1327	232.8849912006589
0.1328	233.56159687852193
0.13290000000000002	234.24247941560748
0.133	234.92768046081002
0.1331	235.61724221313003
0.1332	236.31120743090145
0.1333	237.00961944119842
0.13340000000000002	237.71252214932585
0.1335	238.4199600486809
0.1336	239.1319782306331
0.1337	239.84862239473372
0.1338	240.56993885909236
0.13390000000000002	241.2959745709534
0.134	242.02677711754572
0.1341	242.76239473703862
0.1342	243.5028763299063
0.1343	244.24827147036714
0.13440000000000002	244.99863041814882
0.1345	245.7540041304908
0.1346	246.51444427437704
0.13470000000000001	247.28000323904334
0.1348	248.05073414877938
0.13490000000000002	248.82669087591168
0.135	249.6079280542502
0.1351	250.39450109258317
0.13520000000000001	251.18646618867223
0.1353	251.98388034340303
0.13540000000000002	252.78680137538072
0.1355	253.59528793572167
0.1356	254.40939952324035
0.13570000000000002	255.22919649996683
0.1358	256.05474010696884
0.1359	256.886092480588
0.136	257.7233166689645
0.1361	258.56647664899873
0.13620000000000002	259.4156373436502
0.1363	260.27086463968413
0.1364	261.1322254057193
0.1365	261.9997875107899
0.1366	262.87361984325855
0.13670000000000002	263.7537923302802
0.1368	264.6403759575036
0.1369	265.5334427894273
0.137	266.4330659901464
0.1371	267.339319844596
0.13720000000000002	268.2522797802964
0.1373	269.1720223895425
0.1374	270.09862545224587
0.1375	271.0321679592251
0.1376	271.97273013604485
0.13770000000000002	272.92039346749004
0.1378	273.8752407225762
0.1379	274.8373559801376
0.138	275.8068246551664
0.1381	276.7837335255983
0.13820000000000002	277.76817075989163
0.1383	278.760225945241
0.1384	279.75999011650964
0.1385	280.76755578577973
0.1386	281.7830169727937
0.13870000000000002	282.80646923601927
0.1388	283.83800970452177
0.1389	284.8777371107203
0.139	285.9257518238009
0.1391	286.98215588427286
0.13920000000000002	288.04705303898197
0.1393	289.1205487773954
0.1394	290.2027503686229
0.1395	291.29376689950203
0.1396	292.3937093135358
0.13970000000000002	293.50269045097383
0.1398	294.6208250898522
0.1399	295.74822998815836
0.14	296.88502392712746
0.1401	298.03132775566365
0.14020000000000002	299.18726443580755
0.1403	300.3529590897388
0.1404	301.5285390477092
0.1405	302.71413389746044
0.1406	303.9098755349745
0.14070000000000002	305.1158982164555
0.1408	306.3323386119992
0.1409	307.5593358604345
0.14100000000000001	308.79703162590965
0.1411	310.04557015596635
0.14120000000000002	311.3050983412227
0.1413	312.57576577674536
0.1414	313.85772482517183
0.14150000000000001	315.1511306815469
0.1416	316.4561414401401
0.14170000000000002	317.77291816297895
0.1418	319.10162495055704
0.1419	320.44242901441913
0.14200000000000002	321.79550075197443
0.1421	323.16101382339536
0.1422	324.53914523079555
0.1423	325.93007539985064
0.1424	327.3339882635727
0.14250000000000002	328.7510713489738
0.1426	330.1815158658403
0.1427	331.62551679866107
0.1428	333.0832730008961
0.1429	334.5549872924936
0.14300000000000002	336.04086656005023
0.1431	337.5411218603514
0.1432	339.05596852681657
0.1433	340.5856262795306
0.1434	342.13031933839704
0.14350000000000002	343.6902765401807
0.1436	345.26573145892723
0.1437	346.85692253043584
0.1438	348.4640931806072
0.1439	350.08749195778404
0.14400000000000002	351.7273726696263
0.1441	353.383994524197
0.1442	355.05762227577304
0.1443	356.74852637527357
0.1444	358.4569831259041
0.14450000000000002	360.18327484370286
0.1446	361.92769002364025
0.1447	363.69052351112896
0.1448	365.472076679445
0.1449	367.27265761307706
0.14500000000000002	369.0925812973752
0.1451	370.93216981472466
0.1452	372.7917525474517
0.1453	374.6716663878213
0.1454	376.57225595531713
0.14550000000000002	378.49387382165713
0.1456	380.4368807435838
0.1457	382.40164590419965
0.1458	384.3885471627666
0.1459	386.39797131349036
0.14600000000000002	388.43031435377696
0.1461	390.4859817622603
0.1462	392.56538878699945
0.1463	394.66896074433066
0.1464	396.79713332887707
0.14650000000000002	398.9503529350749
0.1466	401.12907699093245
0.1467	403.33377430432586
0.1468	405.5649254225662
0.1469	407.82302300573315
0.14700000000000002	410.10857221458673
0.1471	412.42209111335427
0.1472	414.76411108844394
0.14730000000000001	417.13517728376274
0.1474	419.5358490531755
0.14750000000000002	421.9667004310094
0.1476	424.4283206217676
0.1477	426.9213145094207
0.14780000000000001	429.44630318783356
0.1479	432.00392451252674
0.14800000000000002	434.5948336758534
0.1481	437.21970380570883
0.1482	439.87922658978346
0.14830000000000002	442.5741129259035
0.1484	445.30509360041145
0.14850000000000002	448.0729199953234
0.1486	450.87836482663687
0.1487	453.7222229142476
0.14880000000000002	456.60531198617025
0.1489	459.5284735180362
0.149	462.492573610144
0.1491	465.49850390418976
0.1492	468.5471825410954
0.14930000000000002	471.6395551629599
0.1494	474.7765959608561
0.1495	477.9593087715352
0.1496	481.1887282251424
0.1497	484.46592094721905
0.14980000000000002	487.79198681780343
0.1499	491.16806029101645
0.15	494.5953117780741
0.1501	498.07494909822793
0.1502	501.6082190004274
0.15030000000000002	505.1964087610907
0.1504	508.8408478612053
0.1505	512.5429097481842
0.1506	516.3040136876169
0.1507	520.1256267096446
0.15080000000000002	524.009265656632
0.1509	527.9564993372749
0.151	531.9689507948863
0.1511	536.0482996958557
0.1512	540.1962848469875
0.15130000000000002	544.4147068485852
0.1514	548.705430893435
0.1515	553.0703897199819
0.1516	557.5115867304565
0.1517	562.0310992843599
0.15180000000000002	566.6310821796443
0.1519	571.3137713334805
0.152	576.0814876768729
0.1521	580.9366412772938
0.1522	585.8817357054446
0.15230000000000002	590.9193726632303
0.1524	596.0522568915235
0.1525	601.2832013773805
0.1526	606.6151328830031
0.1527	612.0510978195742
0.15280000000000002	617.594268491427
0.1529	623.2479497385465
0.153	629.0155860071592
0.1531	634.9007688818197
0.1532	640.9072451134837
0.15330000000000002	647.0389251839202
0.1534	653.2998924473305
0.1535	659.6944128968946
0.15360000000000001	666.2269456055951
0.1537	672.9021538975019
0.15380000000000002	679.7249173099146
0.1539	686.7003444125789
0.154	693.8337865573458
0.15410000000000001	701.130852638166
0.1542	708.5974249498629
0.15430000000000002	716.2396762426023
0.1544	724.0640880797353
0.1545	732.0774706164104
0.15460000000000002	740.2869839310766
0.1547	748.7001610536569
0.15480000000000002	757.3249328515969
0.1549	766.1696549519012
0.155	775.2431368972315
0.15510000000000002	784.5546737571515
0.1552	794.114080440079
0.1553	803.931728981259
0.1554	814.0185891137495
0.1555	824.3862724671158
0.15560000000000002	835.0470807802087
0.1557	846.0140585628812
0.1558	857.3010506951778
0.1559	868.9227655179919
0.156	880.8948440376653
0.15610000000000002	893.2339359532491
0.1562	905.9577833082976
0.1563	919.0853126812634
0.1564	932.6367369545488
0.1565	946.6336678528799
0.15660000000000002	961.0992406114445
0.1567	976.0582523394941
0.1568	991.5373158769638
0.1569	1007.5650312230154
0.157	1024.1721769362046
0.15710000000000002	1041.3919242962768
0.1572	1059.260077469717
0.1573	1077.8153434649676
0.1574	1097.0996363102788
0.1575	1117.1584206597531
0.15760000000000002	1138.041100966498
0.1577	1159.8014634819608
0.1578	1182.4981797023297
0.1579	1206.195381538342
0.158	1230.9633205084424
0.15810000000000002	1256.879125739583
0.1582	1284.027678631372
0.1583	1312.5026258400392
0.1584	1342.4075569953877
0.1585	1373.8573795175673
0.15860000000000002	1406.9799304295707
0.1587	1441.9178746229459
0.1588	1478.8309512656874
0.1589	1517.8986458118936
0.159	1559.323385538258
0.15910000000000002	1603.3343833434424
0.1592	1650.1922899310857
0.1593	1700.194861676275
0.15940000000000001	1753.6839149698874
0.1595	1811.0539242155824
0.15960000000000002	1872.76273951191
0.1597	1939.3450656197683
0.1598	2011.4295775216056
0.15990000000000001	2089.7608825751663
0.16	2175.2280261305796
0.16010000000000002	2268.9019579827054
0.1602	2372.085463493684
0.1603	2486.3807359069715
0.16040000000000001	2613.7824015024694
0.1605	2756.808068535918
0.16060000000000002	2918.685556729505
0.1607	3103.62814305274
0.1608	3317.2508868709933
0.16090000000000002	3567.2215609255336
0.161	3864.318947917265
0.16110000000000002	4224.235916820748
0.1612	4670.8323059164495
0.1613	5242.4393687580005
0.16140000000000002	6005.265727490612
0.1615	7085.715372644358
0.16160000000000002	8763.804974569637
0.1617	11835.563723904168
0.1618	20220.681556163727
0.16190000000000002	730753.736594969