0.	106.6158643973558
0.0001	106.55529428684851
0.0002	106.4948876899506
0.00030000000000000003	106.43464551003649
0.0004	106.37456866133734
0.0005	106.31465807394117
0.0006000000000000001	106.25491468901271
0.0007	106.19533946099412
0.0008	106.13593335784988
0.0009000000000000001	106.07669736074871
0.001	106.01763246177015
0.0011	105.95873966891787
0.0012000000000000001	105.90001999959982
0.0013000000000000002	105.84147448733198
0.0014	105.78310417519862
0.0015	105.72491012115125
0.0016	105.66689339455733
0.0017000000000000001	105.60905507697704
0.0018000000000000002	105.5513962643615
0.0019	105.49391806187329
0.002	105.43662159033403
0.0021000000000000003	105.37950797989532
0.0022	105.32257837364375
0.0023	105.26583392808651
0.0024000000000000002	105.2092758096372
0.0025	105.15290519822663
0.0026000000000000003	105.09672328377461
0.0027	105.04073126836991
0.0028	104.98493036731244
0.0029000000000000002	104.92932180383968
0.003	104.87390681704456
0.0031000000000000003	104.81868665256783
0.0032	104.7636625693669
0.0033	104.70883583758119
0.0034000000000000002	104.65420773638098
0.0035	104.59977955873876
0.0036000000000000003	104.54555260436061
0.0037	104.49152818618877
0.0038	104.4377076247589
0.0039000000000000003	104.38409225384511
0.004	104.33068341392713
0.0041	104.27748245754621
0.004200000000000001	104.2244907453686
0.0043	104.17170964863912
0.0044	104.11914054668254
0.0045000000000000005	104.06678482906506
0.0046	104.01464389337616
0.0047	103.96271914592444
0.0048000000000000004	103.91101200243568
0.0049	103.85952388581589
0.005	103.80825622830875
0.0051	103.75721046924852
0.005200000000000001	103.70638805603882
0.0053	103.65579044336546
0.0054	103.60541909387872
0.0055000000000000005	103.55527547710452
0.0056	103.50536107012324
0.0057	103.45567735469322
0.0058000000000000005	103.40622582266465
0.0059	103.35700796775967
0.006	103.30802529365717
0.0061	103.25927930872922
0.006200000000000001	103.21077152521259
0.0063	103.16250346434498
0.0064	103.11447664808453
0.006500000000000001	103.06669260753065
0.0066	103.0191528758218
0.0067	102.9718589914825
0.0068000000000000005	102.92481249879006
0.006900000000000001	102.8780149421293
0.007	102.83146787415656
0.0071	102.78517284744163
0.007200000000000001	102.73913141993451
0.0073	102.69334515200943
0.0074	102.64781560711852
0.007500000000000001	102.60254435063365
0.0076	102.55753295080231
0.0077	102.51278297667501
0.0078000000000000005	102.4682960008836
0.0079	102.42407359574123
0.008	102.38011733724287
0.0081	102.3364287993262
0.0082	102.29300955909618
0.0083	102.24986119260099
0.008400000000000001	102.20698527732094
0.0085	102.16438338946034
0.0086	102.12205710613657
0.008700000000000001	102.08000800266554
0.0088	102.0382376547575
0.0089	101.99674763579499
0.009000000000000001	101.95553951934488
0.0091	101.91461487550401
0.0092	101.87397527310472
0.009300000000000001	101.83362228039095
0.0094	101.79355746103954
0.0095	101.7537823776216
0.009600000000000001	101.71429858917355
0.0097	101.67510765031169
0.0098	101.63621111503105
0.0099	101.59761053146221
0.01	101.55930744348296
0.010100000000000001	101.52130339454555
0.0102	101.48359991707765
0.0103	101.44619854604005
0.010400000000000001	101.40910080485702
0.0105	101.37230821743874
0.0106	101.33582229912425
0.010700000000000001	101.29964455926643
0.0108	101.26377650321156
0.0109	101.22821962858052
0.011000000000000001	101.19297542724995
0.0111	101.15804538576168
0.0112	101.12343098095201
0.011300000000000001	101.0891336854577
0.0114	101.05515496174802
0.0115	101.0214962682966
0.011600000000000001	100.98815905231987
0.0117	100.95514475532626
0.0118	100.92245481066398
0.0119	100.89009064137221
0.012	100.85805366416402
0.012100000000000001	100.82634528567586
0.0122	100.79496690322898
0.0123	100.76391990723242
0.012400000000000001	100.7332056754673
0.0125	100.70282557874475
0.0126	100.67278097648942
0.012700000000000001	100.6430732194899
0.0128	100.61370364743289
0.0129	100.58467359003251
0.013000000000000001	100.5559843658725
0.0131	100.52763728454181
0.0132	100.49963364383795
0.013300000000000001	100.47197472992808
0.0134	100.44466181984156
0.0135	100.41769617534496
0.013600000000000001	100.3910790527572
0.0137	100.36481169016562
0.013800000000000002	100.33889532027443
0.013900000000000001	100.3133311589245
0.014	100.28812041331182
0.014100000000000001	100.26326427549228
0.0142	100.23876392863697
0.0143	100.2146205408563
0.014400000000000001	100.19083526980023
0.0145	100.16740925780815
0.0146	100.14434363858051
0.014700000000000001	100.12163952756077
0.0148	100.09929803340343
0.0149	100.0773202466307
0.015000000000000001	100.05570724772696
0.0151	100.0344601026073
0.0152	100.01357986389513
0.015300000000000001	99.9930675722247
0.0154	99.97292425201643
0.0155	99.95315091797539
0.015600000000000001	99.93374856739867
0.015700000000000002	99.91471818635128
0.0158	99.89606074683044
0.0159	99.87777720600029
0.016	99.85986850823416
0.0161	99.84233558437136
0.0162	99.82517934919548
0.016300000000000002	99.80840070597485
0.0164	99.79200054218465
0.0165	99.77597973265581
0.0166	99.76033913669987
0.0167	99.7450796009258
0.016800000000000002	99.7302019563573
0.016900000000000002	99.71570702127204
0.017	99.70159559830945
0.0171	99.68786847733233
0.0172	99.6745264328883
0.0173	99.6615702252766
0.017400000000000002	99.64900060163673
0.0175	99.63681829339176
0.0176	99.62502401916669
0.0177	99.6136184822285
0.0178	99.60260237158272
0.0179	99.59197636309307
0.018000000000000002	99.58174111652775
0.0181	99.57189728077104
0.0182	99.56244548489899
0.0183	99.55338635088253
0.0184	99.54472047977296
0.018500000000000003	99.53644846258037
0.018600000000000002	99.52857087505303
0.0187	99.52108827920635
0.0188	99.51400122221143
0.0189	99.50731023756198
0.019	99.50101584395772
0.019100000000000002	99.49511854879883
0.019200000000000002	99.48961884129828
0.0193	99.4845172017691
0.0194	99.47981409161672
0.0195	99.47550996111381
0.0196	99.471605247137
0.019700000000000002	99.46810037045789
0.0198	99.46499574247035
0.0199	99.46229175578999
0.02	99.4599887933709
0.0201	99.45808722103172
0.020200000000000003	99.45658739506496
0.020300000000000002	99.4554896551127
0.0204	99.45479432982108
0.0205	99.45450173125641
0.0206	99.45461216264317
0.0207	99.45512590909345
0.020800000000000003	99.4560432474317
0.020900000000000002	99.45736443685877
0.0211	99.4612193515874
0.0212	99.4637535343076
0.0213	99.46669248347092
0.021400000000000002	99.47003639686508
0.021500000000000002	99.47378545657682
0.0216	99.47793983451517
0.0217	99.48249968911568
0.0218	99.48746516666937
0.0219	99.49283640010609
0.022000000000000002	99.49861350990294
0.0221	99.50479660588756
0.0222	99.511385782102
0.0223	99.5183811242441
0.0224	99.52578270497632
0.022500000000000003	99.53359058042717
0.022600000000000002	99.54180480305368
0.0227	99.55042540313262
0.0228	99.55945240923946
0.0229	99.56888582870522
0.023	99.5787256646836
0.023100000000000002	99.58897190592228
0.023200000000000002	99.59962452584413
0.0233	99.61068349264772
0.0234	99.62214875750279
0.0235	99.63402026330988
0.0236	99.64629794064021
0.023700000000000002	99.65898170918398
0.0238	99.67207147640914
0.0239	99.68556713949887
0.024	99.69946858209616
0.0241	99.71377568102471
0.024200000000000003	99.72848829777597
0.024300000000000002	99.74360628767661
0.0244	99.75912948836722
0.0245	99.77505773390978
0.0246	99.79139084122934
0.0247	99.80812862191051
0.024800000000000003	99.82527087292245
0.024900000000000002	99.84281738359647
0.025	99.8607679286974
0.0251	99.87912227802138
0.0252	99.89788018485646
0.0253	99.9170413987194
0.025400000000000002	99.93660565111945
0.025500000000000002	99.95657267048327
0.0256	99.97694217037943
0.0257	99.99771385681228
0.0258	100.01888742358155
0.025900000000000003	100.04046255761163
0.026000000000000002	100.06243892943209
0.0261	100.08481620763109
0.0262	100.10759404664547
0.0263	100.13077209050982
0.0264	100.15434997675308
0.026500000000000003	100.17832732711713
0.026600000000000002	100.2027037608249
0.0267	100.22747888192687
0.0268	100.25265228993054
0.0269	100.278223570324
0.027	100.30419229964029
0.027100000000000003	100.33055804784293
0.027200000000000002	100.35732037264579
0.0273	100.38447882415784
0.0274	100.41203294322015
0.0275	100.43998225966706
0.027600000000000003	100.46832629711191
0.027700000000000002	100.49706456524353
0.027800000000000002	100.52619657127164
0.0279	100.5557218061045
0.028	100.58563975896656
0.0281	100.61594990338904
0.028200000000000003	100.64665170830425
0.028300000000000002	100.67774463319604
0.0284	100.70922812812299
0.0285	100.7411016311685
0.0286	100.77336458067931
0.0287	100.80601639475692
0.028800000000000003	100.83905649324058
0.028900000000000002	100.87248427890975
0.029	100.90629915393079
0.0291	100.94050050401857
0.0292	100.97508771450228
0.029300000000000003	101.01006015421979
0.029400000000000003	101.04541719116297
0.029500000000000002	101.08115817956217
0.0296	101.11728246886821
0.0297	101.15378939754535
0.0298	101.19067829874264
0.029900000000000003	101.22794849539649
0.030000000000000002	101.26559930237778
0.030100000000000002	101.30363002875522
0.0302	101.3420399734776
0.0303	101.38082842832898
0.0304	101.41999467649747
0.030500000000000003	101.45953799488912
0.030600000000000002	101.49945765193117
0.0307	101.53975290993327
0.0308	101.5804230189037
0.0309	101.62146722832634
0.031	101.66288476905464
0.031100000000000003	101.70467488126216
0.031200000000000002	101.74683677921524
0.0313	101.78936968688791
0.031400000000000004	101.83227280704614
0.0315	101.87554534175449
0.0316	101.9191864859345
0.0317	101.96319542655783
0.0318	102.00757134528762
0.031900000000000005	102.05231341244294
0.032	102.09742079307983
0.032100000000000004	102.14289265076718
0.0322	102.18872813240404
0.0323	102.23492638807426
0.0324	102.2814865548406
0.0325	102.3284077649602
0.032600000000000004	102.37568914318751
0.0327	102.42332980872138
0.0328	102.47132887827519
0.0329	102.51968545446957
0.033	102.56839863748766
0.033100000000000004	102.6174675233519
0.0332	102.66689119794184
0.0333	102.71666874516177
0.0334	102.76679923882058
0.0335	102.81728175100909
0.033600000000000005	102.86811534377021
0.0337	102.91929907769456
0.033800000000000004	102.97083200337231
0.0339	103.02271317134448
0.034	103.07494161882667
0.0341	103.12751638549847
0.0342	103.18043650001731
0.034300000000000004	103.23370098924927
0.0344	103.28730887739482
0.0345	103.34125917027924
0.0346	103.39555089187668
0.0347	103.45018303422654
0.034800000000000005	103.50515460559681
0.0349	103.56046460087332
0.035	103.6161120129057
0.0351	103.67209582741914
0.0352	103.72841502700486
0.035300000000000005	103.785068587151
0.0354	103.84205548883571
0.035500000000000004	103.89937469212639
0.0356	103.95702517725422
0.0357	104.01500589176749
0.0358	104.0733157995739
0.0359	104.13195385665537
0.036000000000000004	104.19091900765115
0.0361	104.25021021081483
0.0362	104.30982640066352
0.0363	104.36976652429239
0.0364	104.43002951259291
0.036500000000000005	104.49061430321143
0.0366	104.55151982758225
0.0367	104.61274501608652
0.0368	104.67428879285922
0.0369	104.73615008113974
0.037000000000000005	104.79832779784269
0.0371	104.86082087082845
0.037200000000000004	104.92362820857187
0.0373	104.9867487248646
0.0374	105.05018133563372
0.0375	105.11392494671466
0.0376	105.17797847051352
0.037700000000000004	105.24234080919696
0.0378	105.30701087445226
0.0379	105.37198755833455
0.038	105.43726977462556
0.0381	105.50285641725195
0.038200000000000005	105.56874639109468
0.0383	105.63493859275499
0.038400000000000004	105.70143192316448
0.0385	105.76822526892674
0.0386	105.83531753777467
0.038700000000000005	105.90270763244108
0.0388	105.97039442546804
0.038900000000000004	106.03837683996203
0.039	106.10665375349562
0.0391	106.17522407508935
0.0392	106.24408668412813
0.0393	106.31324049071935
0.039400000000000004	106.38268439616168
0.0395	106.45241728317869
0.0396	106.52243806163838
0.0397	106.59274562267272
0.0398	106.66333887046888
0.039900000000000005	106.73421671111007
0.04	106.80537803787347
0.040100000000000004	106.87682176977498
0.0402	106.94854679171331
0.0403	107.02055202665512
0.040400000000000005	107.09283637192041
0.0405	107.1653987504749
0.040600000000000004	107.2382380692145
0.0407	107.31135323533235
0.0408	107.38474318101666
0.0409	107.45840680950559
0.041	107.53234304024119
0.041100000000000005	107.60655083941369
0.0412	107.68102909499953
0.0413	107.75577673331148
0.0414	107.83079271502748
0.0415	107.90607594404122
0.041600000000000005	107.98162539703776
0.0417	108.05744000082204
0.041800000000000004	108.13351865259585
0.0419	108.20986036233764
0.042	108.28645363326714
0.042100000000000005	108.36332906455178
0.0422	108.44045349740186
0.042300000000000004	108.51783712322622
0.0424	108.59547850047204
0.0425	108.67337668943358
0.0426	108.75153071543427
0.0427	108.8299395073092
0.042800000000000005	108.90860211802777
0.0429	108.98751749520746
0.043000000000000003	109.06668467289933
0.0431	109.14610261025628
0.0432	109.22577033027169
0.043300000000000005	109.30568687319214
0.0434	109.38585122423794
0.043500000000000004	109.4662624539285
0.0436	109.54691953407234
0.0437	109.62782154976384
0.0438	109.70896750416973
0.0439	109.79035647062945
0.044000000000000004	109.87198750211316
0.0441	109.95385964766496
0.0442	110.03597198889518
0.0443	110.11832357369501
0.0444	110.20091350074753
0.044500000000000005	110.28374085490609
0.0446	110.36680471937153
0.044700000000000004	110.45010419731916
0.0448	110.53363840194355
0.0449	110.61740642604235
0.045000000000000005	110.70140740812651
0.0451	110.78564046321796
0.045200000000000004	110.87010473526864
0.0453	110.95479934768349
0.0454	111.03972346528205
0.0455	111.12487623644682
0.0456	111.21025682075756
0.045700000000000005	111.295864394536
0.0458	111.3816981294597
0.0459	111.46775721393351
0.046	111.55404084379948
0.0461	111.64054821432879
0.046200000000000005	111.72727853707963
0.0463	111.81423103128957
0.046400000000000004	111.90140491637638
0.0465	111.98879942767866
0.0466	112.07641380600911
0.046700000000000005	112.1642473027338
0.0468	112.25229917260155
0.046900000000000004	112.3405686811266
0.047	112.42905509992241
0.0471	112.51775771136755
0.0472	112.60667581062069
0.0473	112.69580870102818
0.047400000000000005	112.78515567535374
0.0475	112.87471606479534
0.0476	112.964489181877
0.0477	113.0544743665529
0.0478	113.14467096710831
0.047900000000000005	113.23507832670548
0.048	113.32569580541451
0.048100000000000004	113.41652277213934
0.0482	113.50755861020414
0.0483	113.59880270241662
0.048400000000000006	113.6902544425446
0.0485	113.78191323874219
0.048600000000000004	113.8737785044824
0.0487	113.96584965366365
0.0488	114.05812613010855
0.0489	114.15060736763338
0.049	114.24329282277539
0.049100000000000005	114.3361819412381
0.0492	114.42927420438727
0.049300000000000004	114.52256908296638
0.0494	114.61606606668637
0.0495	114.70976464808436
0.049600000000000005	114.80366433522667
0.0497	114.89776463918722
0.049800000000000004	114.9920650849432
0.0499	115.08656520666511
0.05	115.18126454331328
0.050100000000000006	115.27616264908116
0.0502	115.37125908012112
0.050300000000000004	115.46655341346244
0.0504	115.56204522103008
0.0505	115.6577340955111
0.0506	115.75361963043244
0.0507	115.84970143905
0.050800000000000005	115.9459791328445
0.0509	116.04245233547053
0.051000000000000004	116.1391206932352
0.0511	116.23598383566515
0.0512	116.33304142492841
0.051300000000000005	116.4302931218325
0.0514	116.52773859781539
0.051500000000000004	116.62537753487705
0.0516	116.72320962488249
0.0517	116.82123456703805
0.051800000000000006	116.91945206858098
0.0519	117.01786184726392
0.052000000000000005	117.11646363492586
0.0521	117.21525716585035
0.0522	117.31424218418687
0.0523	117.41341844804552
0.0524	117.51278572107388
0.052500000000000005	117.6123437754979
0.0526	117.7120923921228
0.052700000000000004	117.81203136949222
0.0528	117.91216050025248
0.0529	118.01247960044331
0.053000000000000005	118.11298848097502
0.0531	118.21368698143057
0.053200000000000004	118.31457492635815
0.0533	118.41565217040781
0.0534	118.51691856226783
0.053500000000000006	118.61837397103173
0.0536	118.72001826437561
0.053700000000000005	118.82185132641341
0.0538	118.92387304897295
0.0539	119.02608332585035
0.054	119.12848207016958
0.0541	119.23106919541107
0.054200000000000005	119.33384462899815
0.0543	119.4368083029262
0.054400000000000004	119.53996016196162
0.0545	119.64330015594201
0.0546	119.74682824535135
0.054700000000000006	119.85054439626398
0.0548	119.95444859321623
0.054900000000000004	120.05854081389799
0.055	120.16282105586836
0.0551	120.26728932021555
0.055200000000000006	120.3719456203228
0.0553	120.47678997312445
0.055400000000000005	120.58182240728303
0.0555	120.68704296022409
0.055600000000000004	120.7924516748087
0.0557	120.89804860171246
0.0558	121.0038338035696
0.055900000000000005	121.1098073506861
0.056	121.21596931918802
0.056100000000000004	121.32231979196433
0.0562	121.42885886590375
0.0563	121.5355866386514
0.056400000000000006	121.6425032217436
0.0565	121.74960873062496
0.056600000000000004	121.8569032962217
0.0567	121.96438704358741
0.0568	122.07206011804887
0.056900000000000006	122.17992266699488
0.057	122.28797484865044
0.057100000000000005	122.39621682334825
0.0572	122.50464876819755
0.057300000000000004	122.61327086020077
0.0574	122.72208328446746
0.0575	122.83108623838028
0.057600000000000005	122.94027992640451
0.0577	123.04966455339125
0.057800000000000004	123.1592403400753
0.0579	123.26900751002646
0.058	123.37896629630102
0.058100000000000006	123.48911693808402
0.0582	123.5994596814944
0.058300000000000005	123.7099947840137
0.0584	123.82072250185873
0.0585	123.93164310779483
0.058600000000000006	124.04275687730615
0.0587	124.1540640926389
0.058800000000000005	124.2655650411921
0.0589	124.37726002497007
0.059000000000000004	124.48914934627275
0.0591	124.60123331717216
0.0592	124.71351225359078
0.059300000000000005	124.82598648499635
0.0594	124.93865633729452
0.059500000000000004	125.05152215446844
0.0596	125.16458427923645
0.0597	125.27784306875365
0.059800000000000006	125.39129887740943
0.0599	125.50495207354987
0.060000000000000005	125.61880302992542
0.0601	125.73285212482256
0.060200000000000004	125.84709974465527
0.0603	125.96154628315782
0.0604	126.07619213986432
0.060500000000000005	126.1910377178915
0.0606	126.30608343017352
0.060700000000000004	126.42132969863275
0.0608	126.53677694359483
0.0609	126.65242559906645
0.061000000000000006	126.7682761024987
0.0611	126.88432890018011
0.061200000000000004	127.00058443646455
0.0613	127.11704317413582
0.0614	127.23370557363037
0.061500000000000006	127.35057210514861
0.0616	127.46764324329396
0.061700000000000005	127.58491946882334
0.0618	127.70240127070704
0.061900000000000004	127.82008914120304
0.062	127.9379835803735
0.0621	128.05608509567674
0.062200000000000005	128.1743941971152
0.0623	128.29291140205288
0.062400000000000004	128.4116372355013
0.0625	128.53057222531493
0.0626	128.64971690931358
0.0627	128.76907182508435
0.06280000000000001	128.88863752515547
0.0629	129.00841455742773
0.063	129.12840348397782
0.0631	129.24860486661984
0.0632	129.36901927855564
0.06330000000000001	129.4896472917333
0.0634	129.610489491388
0.0635	129.73154646345444
0.0636	129.852818802127
0.0637	129.97430710166822
0.06380000000000001	130.0960119720237
0.0639	130.21793401732808
0.064	130.34007385665942
0.0641	130.46243210943416
0.06420000000000001	130.58500940281957
0.06430000000000001	130.70780636594472
0.0644	130.83082363755278
0.0645	130.95406186085233
0.0646	131.077521683827
0.06470000000000001	131.20120375765495
0.0648	131.32510874455718
0.0649	131.44923730613195
0.065	131.57359011090324
0.0651	131.6981678364493
0.06520000000000001	131.82297116190026
0.0653	131.94800077291512
0.0654	132.07325735764653
0.0655	132.19874161351012
0.0656	132.32445424435647
0.06570000000000001	132.45039595251552
0.0658	132.57656745103188
0.0659	132.70296945720654
0.066	132.82960269259644
0.0661	132.9564678827115
0.06620000000000001	133.0835657618198
0.0663	133.2108970662979
0.0664	133.3384625373459
0.0665	133.46626292454738
0.0666	133.5942989789881
0.06670000000000001	133.72257146039138
0.0668	133.85108112879968
0.0669	133.97982875315594
0.067	134.10881510654684
0.0671	134.23804096708128
0.06720000000000001	134.36750711496393
0.0673	134.49721434299263
0.0674	134.62716343875624
0.0675	134.7573552038493
0.06760000000000001	134.88779043903318
0.06770000000000001	135.018469952358
0.0678	135.14939455625475
0.0679	135.28056507068035
0.068	135.4119823153747
0.06810000000000001	135.54364712016252
0.0682	135.6755603140965
0.0683	135.80772273854248
0.0684	135.9401352335289
0.0685	136.07279864739309
0.06860000000000001	136.20571383223896
0.0687	136.3388816433868
0.0688	136.4723029438585
0.0689	136.60597859932187
0.069	136.739909484785
0.06910000000000001	136.8740964734471
0.0692	137.0085404489462
0.0693	137.14324229425355
0.0694	137.2782029054949
0.0695	137.413423173185
0.06960000000000001	137.54890400315907
0.0697	137.68464629787306
0.0698	137.82065097066965
0.0699	137.9569189321145
0.07	138.0934511074394
0.07010000000000001	138.23024842127805
0.0702	138.36731180150855
0.0703	138.50464218411875
0.0704	138.6422405094076
0.07050000000000001	138.78010772092216
0.07060000000000001	138.91824476921906
0.0707	139.05665260704126
0.0708	139.19533219680056
0.0709	139.33428449831504
0.07100000000000001	139.4735104831969
0.0711	139.6130111252656
0.0712	139.7527874026892
0.0713	139.89284029852203
0.0714	140.0331708017568
0.07150000000000001	140.17377990522272
0.0716	140.31466860926102
0.0717	140.4558379138779
0.0718	140.597288830776
0.0719	140.73902236874832
0.07200000000000001	140.8810395487927
0.0721	141.02334139163383
0.0722	141.16592892810098
0.0723	141.30880318724374
0.0724	141.45196520822117
0.07250000000000001	141.59541603410702
0.0726	141.73915671088443
0.0727	141.88318829258088
0.0728	142.027511836151
0.0729	142.17212840557306
0.07300000000000001	142.31703906423033
0.0731	142.46224488864328
0.0732	142.60774695425408
0.0733	142.75354634507715
0.0734	142.89964414562436
0.07350000000000001	143.0460414530115
0.0736	143.19273936086026
0.0737	143.33973897339752
0.0738	143.4870413979264
0.07390000000000001	143.63464774983908
0.07400000000000001	143.78255914265807
0.0741	143.9307767044915
0.0742	144.07930155864082
0.0743	144.22813484323456
0.07440000000000001	144.3772776926493
0.0745	144.52673125361306
0.0746	144.67649667458517
0.0747	144.82657510899222
0.0748	144.9769677152463
0.07490000000000001	145.12767566116216
0.075	145.2787001132016
0.0751	145.4300422484813
0.0752	145.5817032467211
0.0753	145.73368429416584
0.07540000000000001	145.88598658214067
0.0755	146.03861130561873
0.0756	146.19155966832383
0.0757	146.3448328757321
0.0758	146.49843214137556
0.07590000000000001	146.65235868251648
0.076	146.80661372401647
0.0761	146.96119849331424
0.0762	147.1161142245296
0.0763	147.27136215942693
0.07640000000000001	147.42694354123233
0.0765	147.5828596218141
0.0766	147.73911165812228
0.0767	147.89570091244997
0.07680000000000001	148.05262865104143
0.07690000000000001	148.20989614695773
0.077	148.3675046815052
0.0771	148.52545553741564
0.0772	148.6837500052455
0.07730000000000001	148.84238938197524
0.07740000000000001	149.00137496868814
0.0775	149.160708071075
0.0776	149.32039000623354
0.0777	149.48042209030635
0.07780000000000001	149.64080565111482
0.0779	149.8015420165341
0.078	149.96263252522402
0.0781	150.12407851944727
0.0782	150.2858813481148
0.07830000000000001	150.44804236542723
0.0784	150.61056293228665
0.0785	150.77344441540214
0.0786	150.93668818754793
0.0787	151.10029562690553
0.07880000000000001	151.26426812030283
0.0789	151.4286070572811
0.079	151.59331383517244
0.0791	151.75838985889075
0.0792	151.92383653662654
0.07930000000000001	152.08965528535572
0.0794	152.25584752676693
0.0795	152.4224146913843
0.0796	152.5893582115658
0.07970000000000001	152.75667952992973
0.07980000000000001	152.92438009575008
0.0799	153.09246136228282
0.08	153.26092478951827
0.0801	153.429771846236
0.08020000000000001	153.59900400575924
0.08030000000000001	153.7686227486927
0.0804	153.93862956250592
0.0805	154.10902594290792
0.0806	154.27981338695338
0.08070000000000001	154.45099340403692
0.08080000000000001	154.62256750832404
0.0809	154.79453722057946
0.081	154.96690406865108
0.0811	155.1396695870612
0.08120000000000001	155.31283531837641
0.0813	155.48640280992012
0.0814	155.66037361758214
0.0815	155.8347493051846
0.0816	156.00953144209444
0.08170000000000001	156.18472160481176
0.0818	156.36032137745147
0.0819	156.5363323524384
0.082	156.7127561263787
0.0821	156.8895943064675
0.08220000000000001	157.06684850635804
0.0823	157.24452034620856
0.0824	157.42261145207712
0.0825	157.60112346229104
0.0826	157.78005801897615
0.08270000000000001	157.95941677225306
0.0828	158.13920138027834
0.0829	158.31941350907087
0.083	158.50005483277215
0.08310000000000001	158.6811270313103
0.08320000000000001	158.86263179413197
0.0833	159.04457081915777
0.0834	159.22694580981022
0.0835	159.40975847808798
0.08360000000000001	159.59301054805266
0.08370000000000001	159.77670374425134
0.0838	159.96083980554417
0.0839	160.14542047590078
0.084	160.33044750960545
0.08410000000000001	160.51592266616228
0.08420000000000001	160.70184771613202
0.0843	160.88822443689915
0.0844	161.07505461656928
0.0845	161.26234004591606
0.08460000000000001	161.4500825318674
0.0847	161.63828388242916
0.0848	161.8269459212145
0.0849	162.0160704751603
0.085	162.20565938181286
0.08510000000000001	162.3957144887387
0.0852	162.58623764913247
0.0853	162.7772307286494
0.0854	162.96869560037942
0.0855	163.1606341444887
0.08560000000000001	163.35304825165787
0.0857	163.5459398239738
0.0858	163.73931076993233
0.0859	163.93316300703
0.08600000000000001	164.12749846287505
0.08610000000000001	164.3223190756613
0.0862	164.51762679024523
0.0863	164.7134235628219
0.0864	164.90971135930704
0.08650000000000001	165.10649215456164
0.08660000000000001	165.30376793183208
0.0867	165.50154068636417
0.0868	165.6998124229555
0.0869	165.8985851531098
0.08700000000000001	166.09786090218273
0.08710000000000001	166.2976417034072
0.0872	166.49792960066657
0.0873	166.69872664689976
0.0874	166.9000349070732
0.08750000000000001	167.10185645534335
0.0876	167.30419337533564
0.0877	167.5070477616652
0.0878	167.71042172082753
0.0879	167.91431736837646
0.08800000000000001	168.11873682941211
0.0881	168.32368224215875
0.0882	168.52915575370517
0.0883	168.7351595233734
0.0884	168.94169571867948
0.08850000000000001	169.14876652280725
0.0886	169.35637412461253
0.0887	169.56452072712398
0.0888	169.77320854392025
0.0889	169.98243980084604
0.08900000000000001	170.1922167321989
0.0891	170.40254158776784
0.0892	170.61341662493072
0.0893	170.82484411405454
0.08940000000000001	171.03682633836561
0.08950000000000001	171.24936559117285
0.0896	171.46246417880582
0.0897	171.67612441764024
0.0898	171.89034863906667
0.08990000000000001	172.10513918367133
0.09000000000000001	172.3204984041715
0.0901	172.53642866793686
0.0902	172.75293235280725
0.0903	172.97001185002182
0.09040000000000001	173.18766956167178
0.09050000000000001	173.40590790362393
0.0906	173.6247293052034
0.0907	173.8441362054377
0.0908	174.06413105962218
0.09090000000000001	174.28471633556256
0.091	174.5058945104417
0.0911	174.72766807938896
0.0912	174.95003954689633
0.0913	175.17301143457416
0.09140000000000001	175.3965862725828
0.0915	175.62076660899186
0.0916	175.84555500182537
0.0917	176.07095402740396
0.0918	176.29696627079446
0.09190000000000001	176.52359433434938
0.092	176.75084083158032
0.0921	176.9787083932792
0.0922	177.2071996610009
0.09230000000000001	177.4363172953822
0.09240000000000001	177.666063965628
0.0925	177.89644235902952
0.0926	178.1274551774623
0.0927	178.35910513569397
0.09280000000000001	178.59139496488964
0.09290000000000001	178.8243274097229
0.093	179.05790523307408
0.0931	179.2921312073627
0.0932	179.52700812443223
0.09330000000000001	179.76253879186953
0.09340000000000001	179.99872602973124
0.0935	180.23557267563947
0.0936	180.47308158369654
0.0937	180.7112556212215
0.09380000000000001	180.95009767224838
0.09390000000000001	181.18961063903288
0.094	181.4297974375999
0.0941	181.67066100302694
0.0942	181.9122042810316
0.09430000000000001	182.1544302398007
0.0944	182.39734186256973
0.0945	182.64094214735613
0.0946	182.88523411144124
0.0947	183.1302207869417
0.09480000000000001	183.37590522687384
0.0949	183.622290495191
0.095	183.86937967957473
0.0951	184.11717588285896
0.0952	184.3656822237599
0.09530000000000001	184.6149018403669
0.0954	184.86483789066946
0.0955	185.11549354755863
0.0956	185.36687200330775
0.09570000000000001	185.6189764685249
0.09580000000000001	185.8718101718982
0.0959	186.12537636151777
0.096	186.37967830344041
0.0961	186.6347192841952
0.09620000000000001	186.89050260777697
0.09630000000000001	187.14703159618693
0.0964	187.40430959430083
0.0965	187.66233996332605
0.0966	187.92112608645954
0.09670000000000001	188.18067136353292
0.09680000000000001	188.4409792182394
0.0969	188.70205309160522
0.097	188.9638964448971
0.0971	189.22651276173852
0.09720000000000001	189.4899055451277
0.09730000000000001	189.75407831798753
0.0974	190.01903462568302
0.0975	190.2847780338253
0.0976	190.55131212745744
0.09770000000000001	190.81864051729465
0.0978	191.08676683067918
0.0979	191.35569472174092
0.098	191.62542786137888
0.0981	191.8959699454641
0.09820000000000001	192.16732469168215
0.0983	192.43949584029303
0.0984	192.7124871527421
0.0985	192.98630241555543
0.09860000000000001	193.2609454358211
0.09870000000000001	193.53642004411125
0.0988	193.81273009603007
0.0989	194.08987947005258
0.099	194.367872065559
0.09910000000000001	194.64671180927803
0.09920000000000001	194.92640265039304
0.0993	195.20694856327344
0.0994	195.4883535441509
0.0995	195.77062161658753
0.09960000000000001	196.05375682893745
0.09970000000000001	196.33776325142034
0.0998	196.62264498315545
0.0999	196.90840614689657
0.1	197.19505089138272
0.10010000000000001	197.48258338998278
0.10020000000000001	197.77100784324475
0.1003	198.06032847929973
0.1004	198.35054954939122
0.1005	198.64167533374652
0.10060000000000001	198.93371013906005
0.10070000000000001	199.22665829832223
0.1008	199.520524172794
0.1009	199.81531215066784
0.101	200.11102664904692
0.10110000000000001	200.4076721106614
0.1012	200.7052530089719
0.1013	201.00377384293915
0.1014	201.30323914427728
0.1015	201.60365346930314
0.10160000000000001	201.90502140755902
0.1017	202.20734757308216
0.1018	202.51063661439616
0.1019	202.81489320578535
0.10200000000000001	203.12012205631632
0.10210000000000001	203.4263278993625
0.1022	203.73351550533357
0.1023	204.0416896702323
0.1024	204.3508552256588
0.10250000000000001	204.66101702834553
0.10260000000000001	204.97217997387196
0.1027	205.28434898523153
0.1028	205.59752902011553
0.1029	205.91172506494476
0.10300000000000001	206.22694214352418
0.10310000000000001	206.5431853077646
0.1032	206.8604596469288
0.1033	207.17877028245252
0.1034	207.49812236939735
0.10350000000000001	207.81852109654096
0.10360000000000001	208.13997168608094
0.1037	208.46247939860766
0.1038	208.78604952676798
0.1039	209.11068739829122
0.10400000000000001	209.43639837726727
0.1041	209.7631878642543
0.1042	210.09106129580522
0.1043	210.42002414360596
0.1044	210.75008191713084
0.10450000000000001	211.08124016434994
0.1046	211.41350446736138
0.1047	211.74688044896277
0.1048	212.08137377024389
0.10490000000000001	212.4169901272049
0.10500000000000001	212.75373525831506
0.1051	213.09161493977118
0.1052	213.43063498700863
0.1053	213.7708012554355
0.10540000000000001	214.11211964019284
0.10550000000000001	214.4545960786556
0.1056	214.79823654570203
0.1057	215.1430470611127
0.1058	215.48903368210563
0.10590000000000001	215.83620251407424
0.10600000000000001	216.18455969627604
0.1061	216.53411141904022
0.1062	216.88486390926533
0.1063	217.23682344058952
0.10640000000000001	217.5899963288804
0.10650000000000001	217.9443889375215
0.1066	218.30000766879033
0.1067	218.6568589752314
0.1068	219.0149493502553
0.10690000000000001	219.37428533933155
0.10700000000000001	219.7348735260769
0.1071	220.09672054640387
0.1072	220.4598330826621
0.1073	220.82421786366766
0.10740000000000001	221.18988166434337
0.1075	221.55683131027752
0.1076	221.92507367678644
0.1077	222.29461568463898
0.1078	222.66546430816894
0.10790000000000001	223.03762656825532
0.108	223.41110954025334
0.1081	223.78592034599353
0.1082	224.16206616330413
0.10830000000000001	224.5395542184092
0.10840000000000001	224.918391791919
0.1085	225.29858621517403
0.1086	225.68014487822688
0.1087	226.063075217315
0.10880000000000001	226.44738472897137
0.10890000000000001	226.83308096204365
0.109	227.22017152096592
0.1091	227.60866406864517
0.1092	227.99856632026362
0.10930000000000001	228.3898860495331
0.10940000000000001	228.7826310886383
0.1095	229.17680932838027
0.1096	229.57242871555036
0.1097	229.9694972574419
0.10980000000000001	230.36802302181312
0.10990000000000001	230.7680141356665
0.11	231.16947878780016
0.1101	231.57242522382623
0.1102	231.97686175906014
0.11030000000000001	232.38279676779638
0.11040000000000001	232.79023868369842
0.1105	233.1991960099408
0.1106	233.60967731027804
0.1107	234.02169121841382
0.11080000000000001	234.43524642389264
0.1109	234.85035169403537
0.111	235.26701585446304
0.1111	235.6852478040853
0.11120000000000001	236.10505650439072
0.11130000000000001	236.52645099127488
0.1114	236.9494403669334
0.1115	237.37403380272448
0.1116	237.80024054385365
0.11170000000000001	238.2280699070699
0.11180000000000001	238.65753127655756
0.1119	239.0886341142511
0.112	239.52138795595212
0.1121	239.95580240964685
0.11220000000000001	240.39188715763882
0.11230000000000001	240.8296519584919
0.1124	241.26910665341185
0.1125	241.71026115193894
0.1126	242.1531254451659
0.11270000000000001	242.59770960592283
0.11280000000000001	243.0440237835268
0.1129	243.4920782106183
0.113	243.94188319449327
0.1131	244.39344913364368
0.11320000000000001	244.84678650669437
0.11330000000000001	245.3019058703994
0.1134	245.75881787179608
0.1135	246.21753324280556
0.1136	246.67806280109676
0.11370000000000001	247.14041745096088
0.11380000000000001	247.60460818358925
0.1139	248.07064608324384
0.114	248.53854232107238
0.11410000000000001	249.00830815906798
0.11420000000000001	249.47995494998273
0.1143	249.95349414396722
0.1144	250.4289372824139
0.1145	250.9062959962656
0.11460000000000001	251.3855820202336
0.11470000000000001	251.86680717993895
0.1148	252.3499834033127
0.1149	252.83512271284016
0.115	253.32223723005032
0.11510000000000001	253.8113391820846
0.11520000000000001	254.30244089457506
0.1153	254.79555479454436
0.1154	255.29069341702302
0.1155	255.78786939691918
0.11560000000000001	256.2870954830568
0.11570000000000001	256.7883845208165
0.1158	257.2917494727878
0.1159	257.7972034090369
0.116	258.30475950641153
0.11610000000000001	258.8144310594037
0.11620000000000001	259.32623147021894
0.1163	259.84017425926845
0.1164	260.3562730595872
0.1165	260.874541624069
0.11660000000000001	261.39499382239006
0.11670000000000001	261.91764364020486
0.1168	262.44250519018175
0.1169	262.96959270108516
0.117	263.4989205276003
0.11710000000000001	264.03050314961047
0.11720000000000001	264.5643551696039
0.1173	265.10049132342186
0.1174	265.63892646728516
0.11750000000000001	266.17967559421214
0.11760000000000001	266.7227538285875
0.1177	267.2681764238471
0.1178	267.81595877022016
0.1179	268.3661163930881
0.11800000000000001	268.9186649578536
0.11810000000000001	269.47362026644413
0.1182	270.0309982603279
0.1183	270.59081502671484
0.1184	271.15308679406246
0.11850000000000001	271.7178299362123
0.11860000000000001	272.2850609774088
0.1187	272.85479658362533
0.1188	273.4270535781758
0.1189	274.00184893223735
0.11900000000000001	274.57919977461444
0.11910000000000001	275.15912338418025
0.1192	275.7416372028843
0.1193	276.3267588295095
0.1194	276.9145060217012
0.11950000000000001	277.5048967025001
0.11960000000000001	278.09794895839616
0.1197	278.6936810461411
0.1198	279.2921113852975
0.1199	279.8932585680842
0.12000000000000001	280.49714136244944
0.12010000000000001	281.1037787065973
0.1202	281.7131897168069
0.1203	282.3253936895145
0.12040000000000001	282.9404101004121
0.12050000000000001	283.5582586070027
0.1206	284.17895905464104
0.1207	284.8025314726961
0.1208	285.4289960845416
0.12090000000000001	286.05837329901874
0.12100000000000001	286.690683725473
0.1211	287.3259481654849
0.1212	287.96418761867943
0.1213	288.6054232898941
0.12140000000000001	289.24967658509996
0.12150000000000001	289.89696911406344
0.1216	290.5473226995971
0.1217	291.20075937050495
0.1218	291.85730137506175
0.12190000000000001	292.5169711709505
0.12200000000000001	293.1797914403709
0.1221	293.84578508419236
0.1222	294.5149752308212
0.1223	295.1873852279769
0.12240000000000001	295.8630386622046
0.12250000000000001	296.54195934655013
0.1226	297.2241713324738
0.1227	297.9096989110333
0.1228	298.5985666096638
0.12290000000000001	299.29079920648553
0.12300000000000001	299.9864217227485
0.1231	300.68545943281475
0.1232	301.3879378642204
0.1233	302.09388279887366
0.12340000000000001	302.8033202829983
0.12350000000000001	303.5162766268922
0.1236	304.232778404034
0.1237	304.952852459407
0.12380000000000001	305.67652591229535
0.12390000000000001	306.403826162057
0.124	307.13478088428093
0.1241	307.86941804160233
0.1242	308.60776588559827
0.12430000000000001	309.34985295940356
0.12440000000000001	310.0957080994704
0.1245	310.8453604444039
0.1246	311.59883943753795
0.1247	312.35617482819725
0.12480000000000001	313.11739667459483
0.12490000000000001	313.88253535682094
0.125	314.65162156781264
0.12510000000000002	315.4246863324209
0.1252	316.2017609973383
0.1253	316.9828772448441
0.1254	317.7680670933663
0.1255	318.55736290775326
0.12560000000000002	319.3507973914511
0.1257	320.1484036052051
0.1258	320.95021496098053
0.1259	321.75626524042355
0.126	322.56658857639263
0.12610000000000002	323.38121948340245
0.1262	324.2001928495028
0.1263	325.0235439425811
0.1264	325.8513084148866
0.1265	326.6835223090405
0.12660000000000002	327.5202220718763
0.1267	328.36144454474186
0.1268	329.20722697867063
0.1269	330.0576070384321
0.127	330.91262281091235
0.12710000000000002	331.77231280534556
0.1272	332.6367159613994
0.1273	333.50587165548666
0.1274	334.3798197147843
0.1275	335.2586004047875
0.12760000000000002	336.14225445610964
0.1277	337.03082305602254
0.1278	337.92434786483295
0.1279	338.822871019533
0.128	339.7264351351374
0.12810000000000002	340.63508332170886
0.1282	341.5488591821016
0.1283	342.46780682420746
0.12840000000000001	343.39197087096545
0.1285	344.32139645793296
0.12860000000000002	345.2561292539357
0.1287	346.19621545695253
0.1288	347.14170180706003
0.12890000000000001	348.0926355985907
0.129	349.0490646812414
0.1291	350.0110374720226
0.1292	350.978602961754
0.1293	351.9518107263612
0.12940000000000002	352.9307109344189
0.1295	353.91535435162854
0.1296	354.90579236321366
0.1297	355.90207696417303
0.1298	356.9042607854851
0.12990000000000002	357.91239708908614
0.13	358.9265397955038
0.1301	359.94674347917066
0.1302	360.97306337750604
0.1303	362.0055554132146
0.13040000000000002	363.04427619757496
0.1305	364.0892830411389
0.1306	365.14063396488257
0.1307	366.1983877082795
0.1308	367.2626037547739
0.13090000000000002	368.33334232083206
0.131	369.4106643853818
0.1311	370.4946316975213
0.1312	371.5853067820985
0.1313	372.68275296387924
0.13140000000000002	373.7870343651627
0.1315	374.8982159340437
0.1316	376.0163634476181
0.1317	377.1415435300297
0.1318	378.2738236641121
0.13190000000000002	379.41327220457157
0.132	380.5599583953269
0.1321	381.713952381184
0.1322	382.8753252236733
0.1323	384.0441489171947
0.13240000000000002	385.22049640154574
0.1325	386.40444158075894
0.1326	387.59605933940395
0.1327	388.79542555155433
0.1328	390.00261711115417
0.13290000000000002	391.2177119361264
0.133	392.4407889909813
0.1331	393.6719283037357
0.1332	394.9112109871801
0.1333	396.15871925628073
0.13340000000000002	397.41453643789737
0.1335	398.6787470047009
0.1336	399.9514365843503
0.1337	401.23269198163484
0.1338	402.52260120458794
0.13390000000000002	403.82125347480843
0.134	405.12873925876886
0.1341	406.44515028606844
0.1342	407.7705795683655
0.1343	409.1051214250453
0.13440000000000002	410.44887150447005
0.1345	411.8019268189303
0.1346	413.16438574653813
0.13470000000000001	414.5363480762792
0.1348	415.9179150197166
0.13490000000000002	417.3091892514717
0.135	418.7102749203001
0.1351	420.12127767901165
0.13520000000000001	421.54230472373206
0.1353	422.9734648083216
0.13540000000000002	424.414868281801
0.1355	425.86662710983455
0.1356	427.3288549126576
0.13570000000000002	428.8016669946784
0.1358	430.2851803659107
0.1359	431.7795137851327
0.136	433.2847877967843
0.1361	434.8011247473598
0.13620000000000002	436.3286488323238
0.1363	437.86748612779445
0.1364	439.4177646322824
0.1365	440.9796142907094
0.1366	442.553167045352
0.13670000000000002	444.1385568638698
0.1368	445.73591978626496
0.1369	447.34539396406007
0.137	448.9671196933107
0.1371	450.6012394715676
0.13720000000000002	452.24789802756464
0.1373	453.90724236958516
0.1374	455.57942183855
0.1375	457.2645881383362
0.1376	458.9628954030298
0.13770000000000002	460.6745002294763
0.1378	462.3995617303894
0.1379	464.1382415996819
0.138	465.8907041393954
0.1381	467.657116336344
0.13820000000000002	469.43764790281733
0.1383	471.23247134388725
0.1384	473.04176200567696
0.1385	474.86569813447676
0.1386	476.7044609485258
0.13870000000000002	478.55823469192745
0.1388	480.42720669215464
0.1389	482.31156743694135
0.139	484.21151063890807
0.1391	486.12723330502575
0.13920000000000002	488.05893579551883
0.1393	490.00682190818833
0.1394	491.9710989581739
0.1395	493.9519778383289
0.1396	495.94967310631654
0.13970000000000002	497.96440306010595
0.1398	499.99638983003314
0.1399	502.04585946191736
0.14	504.11304198188793
0.1401	506.1981715205865
0.14020000000000002	508.3014863779012
0.1403	510.42322913138685
0.1404	512.5636467221484
0.1405	514.7229905646576
0.1406	516.9015166475713
0.14070000000000002	519.0994856269892
0.1408	521.3171629434712
0.1409	523.554818942608
0.14100000000000001	525.8127289634646
0.1411	528.0911734852292
0.14120000000000002	530.3904382156071
0.1413	532.7108142484776
0.1414	535.0525981631461
0.14150000000000001	537.4160921744283
0.1416	539.8016042586323
0.14170000000000002	542.2094482849773
0.1418	544.6399441797722
0.1419	547.0934180529974
0.14200000000000002	549.5702023585402
0.1421	552.0706360499642
0.1422	554.5950647359573
0.1423	557.143840855717
0.1424	559.7173238352933
0.14250000000000002	562.3158802720035
0.1426	564.9398841153984
0.1427	567.5897168465212
0.1428	570.2657676808286
0.1429	572.9684337503468
0.14300000000000002	575.698120322647
0.1431	578.4552410026769
0.1432	581.240217949803
0.1433	584.0534821053889
0.1434	586.8954734141489
0.14350000000000002	589.7666410821205
0.1436	592.6674437958451
0.1437	595.5983499947473
0.1438	598.5598381241798
0.1439	601.5523969096776
0.14400000000000002	604.5765256397716
0.1441	607.6327344361795
0.1442	610.7215445731578
0.1443	613.8434887763261
0.1444	616.9991115385424
0.14450000000000002	620.1889694436707
0.1446	623.4136315237117
0.1447	626.6736795900836
0.1448	629.9697086096539
0.1449	633.3023270697096
0.14500000000000002	636.672157386502
0.1451	640.0798362758899
0.1452	643.52601520033
0.1453	647.0113607850229
0.1454	650.536555266073
0.14550000000000002	654.1022969451698
0.1456	657.7093006832962
0.1457	661.358298387301
0.1458	665.0500395300066
0.1459	668.7852916641205
0.14600000000000002	672.5648410036536
0.1461	676.3894929753429
0.1462	680.2600728188875
0.1463	684.1774262018874
0.1464	688.1424198622757
0.14650000000000002	692.1559422764404
0.1466	696.2189043279432
0.1467	700.3322400494174
0.1468	704.4969073471622
0.1469	708.7138887886218
0.14700000000000002	712.984192385468
0.1471	717.3088524403519
0.1472	721.6889304164689
0.14730000000000001	726.1255158363888
0.1474	730.6197272098299
0.14750000000000002	735.1727130271012
0.1476	739.7856527629617
0.1477	744.459757946025
0.14780000000000001	749.1962732372741
0.1479	753.996477606335
0.14800000000000002	758.8616855163365
0.1481	763.7932481579247
0.1482	768.7925547680622
0.14830000000000002	773.861033962832
0.1484	779.0001551847402
0.14850000000000002	784.2114301508863
0.1486	789.4964143824161
0.1487	794.8567088531305
0.14880000000000002	800.2939616355519
0.1489	805.8098696746731
0.149	811.4061805943786
0.1491	817.0846946594177
0.1492	822.8472667520841
0.14930000000000002	828.6958084610935
0.1494	834.6322903104528
0.1495	840.6587440324058
0.1496	846.777264994986
0.1497	852.9900147152968
0.14980000000000002	859.2992234992118
0.1499	865.7071932372362
0.15	872.2163002906204
0.1501	878.8289985587814
0.1502	885.5478226889876
0.15030000000000002	892.375391425016
0.1504	899.314411166814
0.1505	906.3676796568027
0.1506	913.5380899373279
0.1507	920.8286344136375
0.15080000000000002	928.2424092132032
0.1509	935.782618726722
0.151	943.4525804339465
0.1511	951.2557299227113
0.1512	959.1956262709755
0.15130000000000002	967.2759576233631
0.1514	975.50054718695
0.1515	983.8733594475532
0.1516	992.3985068437784
0.1517	1001.080256732567
0.15180000000000002	1009.9230388212375
0.1519	1018.9314529972747
0.152	1028.1102776206524
0.1521	1037.4644783214733
0.1522	1046.9992173156638
0.15230000000000002	1056.7198632846528
0.1524	1066.632001854613
0.1525	1076.741446740899
0.1526	1087.0542515776403
0.1527	1097.576722473738
0.15280000000000002	1108.3154314094957
0.1529	1119.2772304827292
0.153	1130.4692670519141
0.1531	1141.8989999349667
0.1532	1153.5742166354244
0.15330000000000002	1165.503051781046
0.1534	1177.6940067715773
0.1535	1190.1559708131256
0.15360000000000001	1202.898243419085
0.1537	1215.9305584991318
0.15380000000000002	1229.2631101578304
0.1539	1242.9065804079282
0.154	1256.8721688351407
0.15410000000000001	1271.1716245726386
0.1542	1285.8172805733197
0.15430000000000002	1300.8220905888782
0.1544	1316.1996689097373
0.1545	1331.9643333189065
0.15460000000000002	1348.1311513623625
0.1547	1364.7159903619693
0.15480000000000002	1381.7355715516644
0.1549	1399.2075285983776
0.155	1417.1504711184914
0.15510000000000002	1435.5840535417974
0.1552	1454.5290498695388
0.1553	1474.007435121596
0.1554	1494.042473851253
0.1555	1514.658816794289
0.15560000000000002	1535.882606201816
0.1557	1557.741591177545
0.1558	1580.2652537774352
0.1559	1603.4849472658987
0.156	1627.434047886676
0.15610000000000002	1652.1481217428684
0.1562	1677.66510846027
0.1563	1704.02552385825
0.1564	1731.2726836631537
0.1565	1759.4529512641523
0.15660000000000002	1788.6160121624996
0.1567	1818.8151788887035
0.1568	1850.1077302297256
0.1569	1882.5552893940999
0.157	1916.2242465883248
0.15710000000000002	1951.186231940933
0.1572	1987.518646319986
0.1573	2025.3052581507793
0.1574	2064.636876288645
0.1575	2105.6121104168983
0.15760000000000002	2148.338232601411
0.1577	2192.932156241942
0.1578	2239.5215513493613
0.1579	2288.2461190579793
0.158	2339.2590526986332
0.15810000000000002	2392.728717970869
0.1582	2448.8405919252373
0.1583	2507.7995084478944
0.1584	2569.832268638061
0.1585	2635.19068742661
0.15860000000000002	2704.1551640905304
0.1587	2777.0388855034603
0.1588	2854.192797264615
0.1589	2936.0115120394908
0.159	3022.9403689841006
0.15910000000000002	3115.483915394407
0.1592	3214.2161581483833
0.1593	3319.793032539567
0.15940000000000001	3432.9676716916742
0.1595	3554.6092417473956
0.15960000000000002	3685.7263576941336
0.1597	3827.4964398282737
0.1598	3981.3028546303735
0.15990000000000001	4148.782369765005
0.16	4331.8864424670155
0.16010000000000002	4532.961306738706
0.1602	4754.853981720062
0.1603	5001.054592811849
0.16040000000000001	5275.890468883313
0.1605	5584.795520674748
0.16060000000000002	5934.691498899694
0.1607	6334.539672395401
0.1608	6796.159461356266
0.16090000000000002	7335.478865093154
0.161	7974.509702323151
0.16110000000000002	8744.593595884082
0.1612	9691.994079877722
0.1613	10888.100275053039
0.16140000000000002	12449.426737068798
0.1615	14580.589980117174
0.16160000000000002	17678.758164428662
0.1617	22636.10093651757
0.1618	31993.00498197295
0.16190000000000002	57410.10509806331
0.162	1.9487170000188358e7