0.	87.4309746758997
0.0001	87.39422116890894
0.0002	87.3576498529908
0.00030000000000000003	87.32126113752794
0.0004	87.28505543258971
0.0005	87.24903314864041
0.0006000000000000001	87.21319469679445
0.0007	87.17754048848118
0.0008	87.14207093574444
0.0009000000000000001	87.10678645064314
0.001	87.07168744577085
0.0011	87.03677433387583
0.0012000000000000001	87.00204752798663
0.0013000000000000002	86.96750744114014
0.0014	86.93315448652993
0.0015	86.89898907738976
0.0016	86.86501162705366
0.0017000000000000001	86.83122254855122
0.0018000000000000002	86.79762225495615
0.0019	86.76421115920367
0.002	86.73098967397408
0.0021000000000000003	86.69795821161996
0.0022	86.66511718434045
0.0023	86.6324670037967
0.0024000000000000002	86.60000808139802
0.0025	86.56774082802953
0.0026000000000000003	86.53566565398009
0.0027	86.50378296920957
0.0028	86.4720931828498
0.0029000000000000002	86.44059670349489
0.003	86.40929393901797
0.0031000000000000003	86.37818529654675
0.0032	86.34727118237063
0.0033	86.31655200212106
0.0034000000000000002	86.28602816022551
0.0035	86.25570006049709
0.0036000000000000003	86.22556810563448
0.0037	86.19563269719873
0.0038	86.16589423590978
0.0039000000000000003	86.13635312119125
0.004	86.1070097513771
0.0041	86.07786452362184
0.004200000000000001	86.04891783383437
0.0043	86.02017007656467
0.0044	85.99162164516942
0.0045000000000000005	85.96327293137628
0.0046	85.93512432581959
0.0047	85.90717621742121
0.0048000000000000004	85.87942899371853
0.0049	85.8518830406626
0.005	85.82453874273996
0.0051	85.79739648258362
0.005200000000000001	85.77045664139979
0.0053	85.74371959855583
0.0054	85.71718573179888
0.0055000000000000005	85.6908554169838
0.0056	85.66472902815258
0.0057	85.63880693759168
0.0058000000000000005	85.61308951572552
0.0059	85.58757713082062
0.006	85.5622701494931
0.0061	85.53716893615452
0.006200000000000001	85.51227385330814
0.0063	85.48758526135005
0.0064	85.46310351853496
0.006500000000000001	85.43882898106291
0.0066	85.41476200295206
0.0067	85.39090293605452
0.0068000000000000005	85.36725212988154
0.006900000000000001	85.3438099319334
0.007	85.32057668716475
0.0071	85.29755273843624
0.007200000000000001	85.27473842607654
0.0073	85.25213408821585
0.0074	85.22974006049283
0.007500000000000001	85.20755667617254
0.0076	85.18558426595011
0.0077	85.16382315826546
0.0078000000000000005	85.14227367891317
0.0079	85.12093615116389
0.008	85.09981089566588
0.0081	85.07889823081534
0.0082	85.05819847202106
0.0083	85.03771193227153
0.008400000000000001	85.01743892194206
0.0085	84.9973797486743
0.0086	84.97753471745496
0.008700000000000001	84.95790413057077
0.0088	84.93848828753993
0.0089	84.91928748531737
0.009000000000000001	84.90030201790277
0.0091	84.88153217654747
0.0092	84.86297824986279
0.009300000000000001	84.84464052347835
0.0094	84.82651928030195
0.0095	84.80861480037902
0.009600000000000001	84.79092736090325
0.0097	84.77345723615171
0.0098	84.75620469772578
0.0099	84.73917001400451
0.01	84.72235345076804
0.010100000000000001	84.70575527065152
0.0102	84.6893757335419
0.0103	84.67321509631245
0.010400000000000001	84.65727361281182
0.0105	84.64155153403465
0.0106	84.62604910811417
0.010700000000000001	84.61076657992527
0.0108	84.5957041915424
0.0109	84.58086218210366
0.011000000000000001	84.56624078756955
0.0111	84.55184024108195
0.0112	84.53766077269744
0.011300000000000001	84.52370260938201
0.0114	84.50996597521616
0.0115	84.49645109126027
0.011600000000000001	84.48315817539256
0.0117	84.47008744267546
0.0118	84.45723910492995
0.0119	84.44461337113157
0.012	84.4322104471698
0.012100000000000001	84.42003053573956
0.0122	84.40807383671485
0.0123	84.39634054688207
0.012400000000000001	84.38483085993938
0.0125	84.37354496655105
0.0126	84.36248305445768
0.012700000000000001	84.35164530817946
0.0128	84.34103190945301
0.0129	84.33064303666193
0.013000000000000001	84.32047886554956
0.0131	84.31053956848415
0.0132	84.30082531514766
0.013300000000000001	84.29133627190856
0.0134	84.28207260240465
0.0135	84.27303446696763
0.013600000000000001	84.26422202323826
0.0137	84.25563542561666
0.013800000000000002	84.24727482574207
0.013900000000000001	84.23914037205226
0.014	84.2312322102106
0.014100000000000001	84.22355048280471
0.0142	84.21609532949418
0.0143	84.20886688696238
0.014400000000000001	84.2018652890379
0.0145	84.19509066653309
0.0146	84.18854314736619
0.014700000000000001	84.18222285654204
0.0148	84.17612991619073
0.0149	84.17026444546194
0.015000000000000001	84.16462656064928
0.0151	84.15921637534728
0.0152	84.1540340000261
0.015300000000000001	84.14907954244873
0.0154	84.14435310747831
0.0155	84.13985479726576
0.015600000000000001	84.13558471093774
0.015700000000000002	84.13154294507963
0.0158	84.12772959309741
0.0159	84.12414474611926
0.016	84.12078849208747
0.0161	84.11766091639565
0.0162	84.11476210154272
0.016300000000000002	84.11209212750727
0.0164	84.10965107130814
0.0165	84.10743900750137
0.0166	84.10545600770926
0.0167	84.10370214102785
0.016800000000000002	84.10217747401315
0.016900000000000002	84.10088207023425
0.017	84.09981599080767
0.0171	84.09897929438442
0.0172	84.09837203673
0.0173	84.09799427117247
0.017400000000000002	84.09784604843135
0.0175	84.09792741663183
0.0176	84.09823842147688
0.0177	84.09877910597943
0.0178	84.09954951060175
0.0179	84.10054967358916
0.018000000000000002	84.10177963038169
0.0181	84.10323941410608
0.0182	84.10492905540006
0.0183	84.10684858242749
0.0184	84.10899802102331
0.018500000000000003	84.1113773945476
0.018600000000000002	84.11398672383396
0.0187	84.116826027631
0.0188	84.11989532212803
0.0189	84.12319462109895
0.019	84.12672393621705
0.019100000000000002	84.1304832766072
0.019200000000000002	84.13447264922551
0.0193	84.1386920587099
0.0194	84.14314150739513
0.0195	84.14782099546336
0.0196	84.15273052079141
0.019700000000000002	84.15787007893152
0.0198	84.16323966343376
0.0199	84.16883926552066
0.02	84.1746688742741
0.0201	84.18072847661625
0.020200000000000003	84.18701805732489
0.020300000000000002	84.1935375990152
0.0204	84.20028708232927
0.0205	84.20726648556608
0.0206	84.21447578522543
0.0207	84.22191495545655
0.020800000000000003	84.22958396864304
0.020900000000000002	84.2374827948459
0.0211	84.25396975732323
0.0212	84.26255782396625
0.0213	84.27137556435564
0.021400000000000002	84.28042293896553
0.021500000000000002	84.28969990592125
0.0216	84.2992064217503
0.0217	84.30894244076748
0.0218	84.31890791568522
0.0219	84.32910279706864
0.022000000000000002	84.3395270337989
0.0221	84.3501805727103
0.0222	84.36106335902333
0.0223	84.37217533593905
0.0224	84.38351644499807
0.022500000000000003	84.39508662582573
0.022600000000000002	84.40688581626065
0.0227	84.41891395252595
0.0228	84.43117096881231
0.0229	84.44365679784067
0.023	84.45637137048419
0.023100000000000002	84.46931461585825
0.023200000000000002	84.48248646125269
0.0233	84.49588683279083
0.0234	84.50951565427381
0.0235	84.5233728481609
0.0236	84.53745833530216
0.023700000000000002	84.55177203478709
0.0238	84.56631386416242
0.0239	84.58108373927922
0.024	84.5960815742193
0.0241	84.61130728215032
0.024200000000000003	84.62676077386561
0.024300000000000002	84.64244195901668
0.0244	84.65835074557738
0.0245	84.67448704011215
0.0246	84.69085074752988
0.0247	84.70744177131192
0.024800000000000003	84.72426001326174
0.024900000000000002	84.74130537391004
0.025	84.75857775235482
0.0251	84.7760770458255
0.0252	84.79380315049471
0.0253	84.81175596104731
0.025400000000000002	84.82993537050804
0.025500000000000002	84.84834127070516
0.0256	84.86697355173277
0.0257	84.8858321028833
0.0258	84.9049168115063
0.025900000000000003	84.92422756361339
0.026000000000000002	84.94376424422319
0.0261	84.96352673676279
0.0262	84.98351492311915
0.0263	85.00372868407776
0.0264	85.02416789914628
0.026500000000000003	85.04483244637032
0.026600000000000002	85.06572220258525
0.0267	85.08683704308208
0.0268	85.10817684225835
0.0269	85.12974147313854
0.027	85.15153080707623
0.027100000000000003	85.1735447146684
0.027200000000000002	85.19578306501151
0.0273	85.21824572601325
0.0274	85.24093256435044
0.0275	85.26384344553253
0.027600000000000003	85.28697823364669
0.027700000000000002	85.31033679189353
0.027800000000000002	85.33391898206976
0.0279	85.35772466484099
0.028	85.38175369964316
0.0281	85.40600594496387
0.028200000000000003	85.43048125780706
0.028300000000000002	85.45517949424591
0.0284	85.48010050904738
0.0285	85.50524415624024
0.0286	85.53061028822655
0.0287	85.556198756518
0.028800000000000003	85.58200941169507
0.028900000000000002	85.60804210289696
0.029	85.63429667846438
0.0291	85.66077298530602
0.0292	85.6874708699104
0.029300000000000003	85.7143901768727
0.029400000000000003	85.7415307503289
0.029500000000000002	85.7688924332524
0.0296	85.79647506751951
0.0297	85.82427849372864
0.0298	85.85230255207787
0.029900000000000003	85.88054708113138
0.030000000000000002	85.90901191876112
0.030100000000000002	85.93769690171567
0.0302	85.96660186588504
0.0303	85.99572664624728
0.0304	86.02507107661569
0.030500000000000003	86.05463498957091
0.030600000000000002	86.08441821753732
0.0307	86.11442059126068
0.0308	86.14464194081403
0.0309	86.17508209554947
0.031	86.20574088334395
0.031100000000000003	86.23661813192764
0.031200000000000002	86.26771366749873
0.0313	86.29902731535064
0.031400000000000004	86.33055890039093
0.0315	86.36230824651224
0.0316	86.3942751761459
0.0317	86.42645951174546
0.0318	86.45886107394071
0.031900000000000005	86.4914796835694
0.032	86.52431515972266
0.032100000000000004	86.55736732135286
0.0322	86.59063598589287
0.0323	86.62412097090912
0.0324	86.65782209205466
0.0325	86.6917391651487
0.032600000000000004	86.72587200441443
0.0327	86.76022042420283
0.0328	86.794784237273
0.0329	86.82956325595372
0.033	86.86455729191177
0.033100000000000004	86.8997661561662
0.0332	86.93518965865927
0.0333	86.97082760851261
0.0334	87.00667981503445
0.0335	87.04274608557124
0.033600000000000005	87.07902622786436
0.0337	87.11552004814507
0.033800000000000004	87.1522273526227
0.0339	87.18914794646844
0.034	87.22628163429371
0.0341	87.26362821996584
0.0342	87.30118750701618
0.034300000000000004	87.33895929805557
0.0344	87.37694339528387
0.0345	87.41513960009291
0.0346	87.45354771306155
0.0347	87.49216753514348
0.034800000000000005	87.53099886554827
0.0349	87.5700415037844
0.035	87.6092952482648
0.0351	87.6487598974231
0.0352	87.68843524848535
0.035300000000000005	87.72832109861326
0.0354	87.76841724422867
0.035500000000000004	87.80872348174103
0.0356	87.8492396061033
0.0357	87.88996541314931
0.0358	87.93090069688705
0.0359	87.97204525201059
0.036000000000000004	88.01339887201571
0.0361	88.05496135009018
0.0362	88.09673247900044
0.0363	88.13871205208574
0.0364	88.18089986035618
0.036500000000000005	88.2232956966945
0.0366	88.26589935133325
0.0367	88.3087106161833
0.0368	88.35172928165369
0.0369	88.39495513812172
0.037000000000000005	88.43838797565463
0.0371	88.48202758402024
0.037200000000000004	88.52587375270576
0.0373	88.56992627075388
0.0374	88.61418492763956
0.0375	88.6586495113839
0.0376	88.70331981118501
0.037700000000000004	88.74819561477781
0.0378	88.79327671041266
0.0379	88.83856288577879
0.038	88.88405392918433
0.0381	88.92974962738387
0.038200000000000005	88.97564976882964
0.0383	89.02175413932274
0.038400000000000004	89.06806252709566
0.0385	89.11457471924378
0.0386	89.16129050278181
0.038700000000000005	89.20820966391953
0.0388	89.25533199076352
0.038900000000000004	89.3026572686492
0.039	89.35018528568482
0.0391	89.39791582761502
0.0392	89.44584868179513
0.0393	89.49398363569108
0.039400000000000004	89.54232047501178
0.0395	89.59085898763468
0.0396	89.63959896029762
0.0397	89.68854018013828
0.0398	89.7376824344058
0.039900000000000005	89.78702551086863
0.04	89.83656919504745
0.040100000000000004	89.88631327871066
0.0402	89.93625754555788
0.0403	89.98640178577553
0.040400000000000005	90.0367457866932
0.0405	90.08728933836765
0.040600000000000004	90.13803222801354
0.0407	90.18897424454207
0.0408	90.24011517848825
0.0409	90.29145481888575
0.041	90.34299295651111
0.041100000000000005	90.39472937734021
0.0412	90.44666387898249
0.0413	90.49879624689578
0.0414	90.55112627833277
0.0415	90.60365375754957
0.041600000000000005	90.65637848219689
0.0417	90.70930024652314
0.041800000000000004	90.76241884418054
0.0419	90.8157340636077
0.042	90.8692457711683
0.042100000000000005	90.92295348734957
0.0422	90.97685735461826
0.042300000000000004	91.03095701691471
0.0424	91.08525227282792
0.0425	91.13974292504912
0.0426	91.19442877010442
0.0427	91.24930961209205
0.042800000000000005	91.30438524192205
0.0429	91.35965546550123
0.043000000000000003	91.4151200790727
0.0431	91.47077888668495
0.0432	91.52663168997195
0.043300000000000005	91.58267828940046
0.0434	91.63891849058489
0.043500000000000004	91.69535209762527
0.0436	91.75197891494635
0.0437	91.8087987474631
0.0438	91.86581140361363
0.0439	91.92301669054704
0.044000000000000004	91.98041441775209
0.0441	92.038004392148
0.0442	92.09578642726295
0.0443	92.15376033250921
0.0444	92.21192592156254
0.044500000000000005	92.27028300717356
0.0446	92.32883140527883
0.044700000000000004	92.38757092941347
0.0448	92.44650139826122
0.0449	92.50562262738951
0.045000000000000005	92.56493443789886
0.0451	92.6244366489163
0.045200000000000004	92.68412908112701
0.0453	92.7440115578092
0.0454	92.80408390283856
0.0455	92.86434593977454
0.0456	92.92479749579326
0.045700000000000005	92.98543839803078
0.0458	93.04626847518831
0.0459	93.10728755727797
0.046	93.16849547543576
0.0461	93.22989206282712
0.046200000000000005	93.29147715353749
0.0463	93.35325058264169
0.046400000000000004	93.41521218708252
0.0465	93.4773618060459
0.0466	93.53969927817016
0.046700000000000005	93.60222444578201
0.0468	93.66493715114301
0.046900000000000004	93.72783723864272
0.047	93.79092455494481
0.0471	93.85419894646634
0.0472	93.91766026268832
0.0473	93.98130835502313
0.047400000000000005	94.04514307530212
0.0475	94.1091642773808
0.0476	94.17337181713327
0.0477	94.2377655518038
0.0478	94.30234534115483
0.047900000000000005	94.36711104511268
0.048	94.43206252709443
0.048100000000000004	94.49719965106146
0.0482	94.56252228354676
0.0483	94.62803029202384
0.048400000000000006	94.69372354713359
0.0485	94.75960192050155
0.048600000000000004	94.82566528564858
0.0487	94.89191351774363
0.0488	94.95834649498893
0.0489	95.02496409670104
0.049	95.09176620417662
0.049100000000000005	95.15875270058251
0.0492	95.22592347175143
0.049300000000000004	95.29327840527716
0.0494	95.36081739004815
0.0495	95.42854031817029
0.049600000000000005	95.49644708345099
0.0497	95.56453758156333
0.049800000000000004	95.63281170960478
0.0499	95.70126936886473
0.05	95.76991046088729
0.050100000000000006	95.8387348905913
0.0502	95.907742564173
0.050300000000000004	95.97693339109486
0.0504	96.04630728181566
0.0505	96.115864150196
0.0506	96.18560391159896
0.0507	96.2555264846807
0.050800000000000005	96.32563178900553
0.0509	96.39591974783471
0.051000000000000004	96.46639028566837
0.0511	96.53704333065322
0.0512	96.60787881155923
0.051300000000000005	96.6788966613949
0.0514	96.75009681451724
0.051500000000000004	96.82147920824607
0.0516	96.89304378187155
0.0517	96.96479047821386
0.051800000000000006	97.03671924111508
0.0519	97.10883001764275
0.052000000000000005	97.1811227575513
0.0521	97.25359741348338
0.0522	97.32625393998498
0.0523	97.39909229448423
0.0524	97.472112436511
0.052500000000000005	97.54531432924463
0.0526	97.61869793790059
0.052700000000000004	97.69226323008634
0.0528	97.7660101767238
0.0529	97.8399387507084
0.053000000000000005	97.91404892858121
0.0531	97.98834068872195
0.053200000000000004	98.06281401269484
0.0533	98.13746888456289
0.0534	98.21230529193427
0.053500000000000006	98.28732322392024
0.0536	98.36252267342307
0.053700000000000005	98.4379036356132
0.0538	98.51346610925034
0.0539	98.58921009518919
0.054	98.66513559703642
0.0541	98.74124262197557
0.054200000000000005	98.81753118007765
0.0543	98.89400128343524
0.054400000000000004	98.97065294810993
0.0545	99.04748619210572
0.0546	99.12450103740895
0.054700000000000006	99.20169750806443
0.0548	99.27907563157203
0.054900000000000004	99.35663543838322
0.055	99.43437696249096
0.0551	99.51230023941758
0.055200000000000006	99.59040530902209
0.0553	99.66869221386509
0.055400000000000005	99.74716099919586
0.0555	99.82581171445237
0.055600000000000004	99.90464441067314
0.0557	99.98365914292474
0.0558	100.06285596901701
0.055900000000000005	100.14223495039242
0.056	100.22179615097718
0.056100000000000004	100.30153963835095
0.0562	100.38146548271851
0.0563	100.46157375785194
0.056400000000000006	100.54186454088116
0.0565	100.62233791191785
0.056600000000000004	100.70299395390104
0.0567	100.78383275358091
0.0568	100.8648544004203
0.056900000000000006	100.9460589877415
0.057	101.02744661143616
0.057100000000000005	101.10901737140716
0.0572	101.19077137038833
0.057300000000000004	101.2727087142335
0.0574	101.35482951222869
0.0575	101.43713387690255
0.057600000000000005	101.51962192479027
0.0577	101.60229377473354
0.057800000000000004	101.68514954950317
0.0579	101.7681893750211
0.058	101.8514133807932
0.058100000000000006	101.93482169949678
0.0582	102.018414467123
0.058300000000000005	102.10219182301972
0.0584	102.1861539102155
0.0585	102.2703008750792
0.058600000000000006	102.3546328672045
0.0587	102.43915003964109
0.058800000000000005	102.52385254930537
0.0589	102.60874055565725
0.059000000000000004	102.69381422228862
0.0591	102.77907371606578
0.0592	102.86451920756562
0.059300000000000005	102.95015087062568
0.0594	103.0359688823287
0.059500000000000004	103.12197342361401
0.0596	103.2081646787406
0.0597	103.29454283565721
0.059800000000000006	103.38110808565011
0.0599	103.4678606236796
0.060000000000000005	103.55480064785891
0.0601	103.64192836048709
0.060200000000000004	103.72924396688566
0.0603	103.81674767613752
0.0604	103.90443970091931
0.060500000000000005	103.99232025730686
0.0606	104.08038956512802
0.060700000000000004	104.16864784774091
0.0608	104.25709533195568
0.0609	104.34573224874975
0.061000000000000006	104.43455883183402
0.0611	104.52357531921167
0.061200000000000004	104.61278195225543
0.0613	104.7021789758023
0.0614	104.7917666387975
0.061500000000000006	104.88154519355109
0.0616	104.97151489588673
0.061700000000000005	105.06167600523341
0.0618	105.15202878528305
0.061900000000000004	105.24257350263585
0.062	105.33331042846187
0.0621	105.42423983621282
0.062200000000000005	105.51536200459249
0.0623	105.60667721508555
0.062400000000000004	105.69818575314855
0.0625	105.78988790770781
0.0626	105.88178397190856
0.0627	105.97387424200943
0.06280000000000001	106.06615901844566
0.0629	106.15863860504551
0.063	106.25131330976988
0.0631	106.34418344414117
0.0632	106.43724932320245
0.06330000000000001	106.53051126591222
0.0634	106.62396959537763
0.0635	106.71762463803837
0.0636	106.8114767240866
0.0637	106.90552618762499
0.06380000000000001	106.99977336651952
0.0639	107.09421860260653
0.064	107.188862241345
0.0641	107.28370463192506
0.06420000000000001	107.37874612740065
0.06430000000000001	107.47398708499001
0.0644	107.56942786521239
0.0645	107.66506883261663
0.0646	107.7609103555128
0.06470000000000001	107.85695280654384
0.0648	107.95319656124111
0.0649	108.04964200011598
0.065	108.14628950658523
0.0651	108.24313946865918
0.06520000000000001	108.34019227763666
0.0653	108.437448329055
0.0654	108.53490802194898
0.0655	108.63257175967317
0.0656	108.73043994942695
0.06570000000000001	108.82851300211694
0.0658	108.92679133269792
0.0659	109.0252753597523
0.066	109.12396550606347
0.0661	109.22286219838394
0.06620000000000001	109.32196586716077
0.0663	109.42127694691564
0.0664	109.52079587615859
0.0665	109.62052309727602
0.0666	109.72045905660678
0.06670000000000001	109.82060420421874
0.0668	109.92095899469925
0.0669	110.02152388609899
0.067	110.12229934069985
0.0671	110.22328582456166
0.06720000000000001	110.32448380805353
0.0673	110.42589376540403
0.0674	110.52751617477507
0.0675	110.62935151809096
0.06760000000000001	110.73140028156405
0.06770000000000001	110.83366295578706
0.0678	110.93614003479689
0.0679	111.0388320170021
0.068	111.1417394046522
0.06810000000000001	111.24486270417914
0.0682	111.34820242602565
0.0683	111.45175908463065
0.0684	111.55553319852436
0.0685	111.65952529066509
0.06860000000000001	111.7637358874346
0.0687	111.86816551978782
0.0688	111.97281472249355
0.0689	112.07768403492508
0.069	112.18277400008806
0.06910000000000001	112.28808516510831
0.0692	112.39361808134726
0.0693	112.49937330436452
0.0694	112.60535139399028
0.0695	112.7115529138593
0.06960000000000001	112.81797843206398
0.0697	112.92462852045568
0.0698	113.03150375571909
0.0699	113.13860471808044
0.07	113.24593199225284
0.07010000000000001	113.35348616710318
0.0702	113.4612678358091
0.0703	113.56927759550828
0.0704	113.67751604777075
0.07050000000000001	113.78598379829195
0.07060000000000001	113.89468145713118
0.0707	114.00360963857405
0.0708	114.11276896091245
0.0709	114.22216004678802
0.07100000000000001	114.33178352359265
0.0711	114.44164002235922
0.0712	114.55173017890846
0.0713	114.66205463295073
0.0714	114.77261402877546
0.07150000000000001	114.88340901478747
0.0716	114.99444024386567
0.0717	115.10570837326931
0.0718	115.21721406464702
0.0719	115.32895798376431
0.07200000000000001	115.44094080091871
0.0721	115.55316319082822
0.0722	115.66562583243933
0.0723	115.77832940938193
0.0724	115.89127460933432
0.07250000000000001	116.00446212459836
0.0726	116.1178926519494
0.0727	116.2315668925251
0.0728	116.34548555193899
0.0729	116.45964934034913
0.07300000000000001	116.57405897207413
0.0731	116.68871516643611
0.0732	116.80361864682237
0.0733	116.9187701412711
0.0734	117.0341703825208
0.07350000000000001	117.1498201075317
0.0736	117.2657200581647
0.0737	117.38187098039101
0.0738	117.49827362508722
0.07390000000000001	117.61492874771521
0.07400000000000001	117.73183710821732
0.0741	117.84899947118623
0.0742	117.96641660589584
0.0743	118.08408928600602
0.07440000000000001	118.20201829021379
0.0745	118.3202044017628
0.0746	118.43864840817076
0.0747	118.55735110220411
0.0748	118.67631328110346
0.07490000000000001	118.79553574679024
0.075	118.91501930599571
0.0751	119.03476477002751
0.0752	119.15477295531754
0.0753	119.27504468265583
0.07540000000000001	119.39558077781493
0.0755	119.51638207146918
0.0756	119.63744939898243
0.0757	119.75878360059394
0.0758	119.88038552143404
0.07590000000000001	120.00225601135186
0.076	120.12439592528797
0.0761	120.24680612306474
0.0762	120.36948746917888
0.0763	120.49244083336025
0.07640000000000001	120.6156670899536
0.0765	120.73916711866185
0.0766	120.86294180407864
0.0767	120.98699203553937
0.07680000000000001	121.11131870758447
0.07690000000000001	121.23592271975359
0.077	121.36080497673295
0.0771	121.48596638811533
0.0772	121.61140786878593
0.07730000000000001	121.73713033853703
0.07740000000000001	121.86313472243465
0.0775	121.98942195067293
0.0776	122.11599295839132
0.0777	122.24284868638831
0.07780000000000001	122.36999008010093
0.0779	122.49741809057193
0.078	122.62513367399566
0.0781	122.75313779173887
0.0782	122.88143141063236
0.07830000000000001	123.01001550277404
0.0784	123.13889104524338
0.0785	123.26805902082593
0.0786	123.3975204177264
0.0787	123.52727622932147
0.07880000000000001	123.65732745446809
0.0789	123.78767509725768
0.079	123.91832016775246
0.0791	124.04926368107769
0.0792	124.18050665785648
0.07930000000000001	124.31205012430298
0.0794	124.44389511220984
0.0795	124.57604265905887
0.0796	124.70849380761985
0.07970000000000001	124.84124960648776
0.07980000000000001	124.97431110975258
0.0799	125.10767937753553
0.08	125.24135547509486
0.0801	125.37534047369941
0.08020000000000001	125.50963545019339
0.08030000000000001	125.644241487636
0.0804	125.77915967446727
0.0805	125.91439110478032
0.0806	126.04993687871428
0.08070000000000001	126.18579810261878
0.08080000000000001	126.32197588820797
0.0809	126.45847135326802
0.081	126.59528562157895
0.0811	126.73241982288936
0.08120000000000001	126.86987509285686
0.0813	127.00765257342309
0.0814	127.14575341221696
0.0815	127.28417876324154
0.0816	127.42292978638373
0.08170000000000001	127.56200764777074
0.0818	127.70141351967885
0.0819	127.84114858063094
0.082	127.9812140154599
0.0821	128.1216110150652
0.08220000000000001	128.26234077666518
0.0823	128.40340450364002
0.0824	128.54480340624542
0.0825	128.6865387005847
0.0826	128.8286116094764
0.08270000000000001	128.97102336173688
0.0828	129.11377519341977
0.0829	129.25686834638546
0.083	129.40030406933738
0.08310000000000001	129.5440836175139
0.08320000000000001	129.6882082526895
0.0833	129.83267924342582
0.0834	129.97749786466838
0.0835	130.1226653983871
0.08360000000000001	130.26818313317233
0.08370000000000001	130.41405236445465
0.0838	130.56027439425472
0.0839	130.70685053143774
0.084	130.8537820920836
0.08410000000000001	131.0010703989363
0.08420000000000001	131.1487167818262
0.0843	131.29672257735422
0.0844	131.44508912926557
0.0845	131.59381778853478
0.08460000000000001	131.74290991295427
0.0847	131.89236686767296
0.0848	132.042190024917
0.0849	132.19238076411307
0.085	132.34294047197707
0.08510000000000001	132.49387054245435
0.0852	132.64517237700767
0.0853	132.79684738455776
0.0854	132.948896980831
0.0855	133.10132258960581
0.08560000000000001	133.25412564183003
0.0857	133.40730757648603
0.0858	133.56086983956328
0.0859	133.71481388492376
0.08600000000000001	133.86914117409765
0.08610000000000001	134.02385317632806
0.0862	134.17895136859636
0.0863	134.3344372355708
0.0864	134.49031227013913
0.08650000000000001	134.6465779724418
0.08660000000000001	134.803235851306
0.0867	134.96028742293475
0.0868	135.11773421190148
0.0869	135.27557775069002
0.08700000000000001	135.43381957987236
0.08710000000000001	135.5924612484494
0.0872	135.7515043133614
0.0873	135.91095033976515
0.0874	136.0708009015526
0.08750000000000001	136.23105758050744
0.0876	136.39172196716638
0.0877	136.55279566028628
0.0878	136.7142802671851
0.0879	136.87617740385843
0.08800000000000001	137.0384886949821
0.0881	137.20121577352765
0.0882	137.3643602815271
0.0883	137.52792386970378
0.0884	137.6919081977203
0.08850000000000001	137.85631493386234
0.0886	138.02114575517462
0.0887	138.18640234854124
0.0888	138.35208640910565
0.0889	138.51819964130465
0.08900000000000001	138.68474375879626
0.0891	138.85172048456482
0.0892	139.01913155062624
0.0893	139.18697869845337
0.08940000000000001	139.35526367878015
0.08950000000000001	139.52398825210557
0.0896	139.6931541881641
0.0897	139.8627632662091
0.0898	140.03281727532735
0.08990000000000001	140.20331801415077
0.09000000000000001	140.37426729128345
0.0901	140.5456669247754
0.0902	140.717518742711
0.0903	140.88982458323898
0.09040000000000001	141.06258629436755
0.09050000000000001	141.23580573432943
0.0906	141.40948477131474
0.0907	141.58362528369454
0.0908	141.7582291602938
0.09090000000000001	141.93329830009304
0.091	142.10883461251788
0.0911	142.28484001749172
0.0912	142.46131644555027
0.0913	142.63826583764427
0.09140000000000001	142.81569014542904
0.0915	142.99359133135172
0.0916	143.1719713690357
0.0917	143.35083224231553
0.0918	143.53017594639377
0.09190000000000001	143.71000448734847
0.092	143.8903198825525
0.0921	144.07112416041795
0.0922	144.25241936069136
0.09230000000000001	144.43420753441913
0.09240000000000001	144.6164907438368
0.0925	144.79927106305678
0.0926	144.98255057748787
0.0927	145.16633138435307
0.09280000000000001	145.35061559229902
0.09290000000000001	145.5354053223357
0.093	145.7207027066523
0.0931	145.9065098899154
0.0932	146.09282902855682
0.09330000000000001	146.2796622913544
0.09340000000000001	146.467011859173
0.0935	146.65487992509614
0.0936	146.84326869472886
0.0937	147.0321803861124
0.09380000000000001	147.22161722988872
0.09390000000000001	147.4115814692173
0.094	147.60207536006558
0.0941	147.79310117111126
0.0942	147.98466118411196
0.09430000000000001	148.17675769374796
0.0944	148.36939300786835
0.0945	148.56256944727372
0.0946	148.75628934633656
0.0947	148.95055505253734
0.09480000000000001	149.1453689270707
0.0949	149.34073334446163
0.095	149.53665069309514
0.0951	149.73312337497373
0.0952	149.93015380595517
0.09530000000000001	150.12774441585213
0.0954	150.32589764882547
0.0955	150.52461596277558
0.0956	150.72390183010828
0.09570000000000001	150.92375773726695
0.09580000000000001	151.1241861857162
0.0959	151.32518969101298
0.096	151.52677078365383
0.0961	151.72893200879525
0.09620000000000001	151.9316759264701
0.09630000000000001	152.13500511174334
0.0964	152.3389221548675
0.0965	152.54342966122437
0.0966	152.74853025159146
0.09670000000000001	152.95422656223923
0.09680000000000001	153.16052124472256
0.0969	153.36741696659558
0.097	153.5749164110668
0.0971	153.78302227725402
0.09720000000000001	153.99173728044266
0.09730000000000001	154.2010641517276
0.0974	154.4110056388107
0.0975	154.621564505707
0.0976	154.83274353270002
0.09770000000000001	155.04454551721668
0.0978	155.2569732729406
0.0979	155.47002963061374
0.098	155.6837174380716
0.0981	155.89803956032534
0.09820000000000001	156.11299887944836
0.0983	156.32859829522678
0.0984	156.5448407246652
0.0985	156.76172910270182
0.09860000000000001	156.97926638199112
0.09870000000000001	157.1974555328571
0.0988	157.4162995443336
0.0989	157.63580142304824
0.099	157.85596419440307
0.09910000000000001	158.0767909020131
0.09920000000000001	158.2982846083226
0.0993	158.5204483947343
0.0994	158.7432853611743
0.0995	158.96679862668208
0.09960000000000001	159.1909913299877
0.09970000000000001	159.41586662877413
0.0998	159.64142770042568
0.0999	159.86767774196642
0.1	160.09461997029
0.10010000000000001	160.32225762239355
0.10020000000000001	160.55059395505998
0.1003	160.77963224582658
0.1004	161.00937579229065
0.1005	161.23982791321743
0.10060000000000001	161.47099194754315
0.10070000000000001	161.7028712556551
0.1008	161.9354692187184
0.1009	162.1687892395762
0.101	162.40283474221872
0.10110000000000001	162.6376091723814
0.1012	162.87311599756504
0.1013	163.10935870733422
0.1014	163.34634081346195
0.1015	163.584065849941
0.10160000000000001	163.82253737316358
0.1017	164.06175896275997
0.1018	164.30173422053008
0.1019	164.54246677189622
0.10200000000000001	164.78396026515938
0.10210000000000001	165.02621837255762
0.1022	165.26924478937516
0.1023	165.51304323517093
0.1024	165.75761745328876
0.10250000000000001	166.0029712114647
0.10260000000000001	166.24910830176708
0.1027	166.49603254078258
0.1028	166.7437477702595
0.1029	166.99225785655196
0.10300000000000001	167.24156669166447
0.10310000000000001	167.49167819265284
0.1032	167.74259630279604
0.1033	167.9943249904364
0.1034	168.24686825067494
0.10350000000000001	168.50023010456616
0.10360000000000001	168.75441459996378
0.1037	169.0094258111321
0.1038	169.26526783971772
0.1039	169.52194481419804
0.10400000000000001	169.7794608906131
0.1041	170.03782025264442
0.1042	170.29702711197035
0.1043	170.5570857081662
0.1044	170.8180003094461
0.10450000000000001	171.07977521235378
0.1046	171.34241474252562
0.1047	171.6059232546151
0.1048	171.87030513257116
0.10490000000000001	172.13556478978256
0.10500000000000001	172.40170666969718
0.1051	172.6687352460643
0.1052	172.93665502254927
0.1053	173.20547053366877
0.10540000000000001	173.4751863447176
0.10550000000000001	173.74580705220433
0.1056	174.01733728441098
0.1057	174.28978170065628
0.1058	174.56314499250317
0.10590000000000001	174.83743188409937
0.10600000000000001	175.11264713156993
0.1061	175.38879552420434
0.1062	175.6658818842845
0.1063	175.94391106751277
0.10640000000000001	176.22288796344202
0.10650000000000001	176.50281749511407
0.1066	176.78370462017025
0.1067	177.06555433097068
0.1068	177.34837165462378
0.10690000000000001	177.63216165335658
0.10700000000000001	177.9169294249651
0.1071	178.2026801030224
0.1072	178.4894188573209
0.1073	178.77715089416353
0.10740000000000001	179.06588145644423
0.1075	179.35561582443847
0.1076	179.64635931558243
0.1077	179.93811728533285
0.1078	180.23089512733796
0.10790000000000001	180.52469827322702
0.108	180.8195321942367
0.1081	181.11540240005226
0.1082	181.41231444013383
0.10830000000000001	181.71027390406041
0.10840000000000001	182.00928642135352
0.1085	182.30935766247566
0.1086	182.6104933385864
0.1087	182.91269920220793
0.10880000000000001	183.21598104759127
0.10890000000000001	183.52034471151651
0.109	183.8257960727988
0.1091	184.13234105350148
0.1092	184.4399856186194
0.10930000000000001	184.74873577714598
0.10940000000000001	185.05859758221578
0.1095	185.36957713131244
0.1096	185.68168056677646
0.1097	185.99491407673554
0.10980000000000001	186.3092838944901
0.10990000000000001	186.62479630007354
0.11	186.94145761975534
0.1101	187.25927422723956
0.1102	187.57825254362703
0.11030000000000001	187.8983990377549
0.11040000000000001	188.21972022716298
0.1105	188.54222267807057
0.1106	188.86591300627452
0.1107	189.19079787735654
0.11080000000000001	189.5168840068284
0.1109	189.84417816134433
0.111	190.17268715898544
0.1111	190.50241786871982
0.11120000000000001	190.8333772128503
0.11130000000000001	191.16557216570686
0.1114	191.49900975501242
0.1115	191.83369706255493
0.1116	192.16964122395612
0.11170000000000001	192.5068494297297
0.11180000000000001	192.84532892642457
0.1119	193.1850870153941
0.112	193.52613105518913
0.1121	193.86846846099687
0.11220000000000001	194.21210670563775
0.11230000000000001	194.55705332028734
0.1124	194.90331589446598
0.1125	195.25090207683667
0.1126	195.59981957630797
0.11270000000000001	195.95007616182508
0.11280000000000001	196.30167966380097
0.1129	196.65463797398377
0.113	197.00895904613162
0.1131	197.3646508974847
0.11320000000000001	197.7217216082581
0.11330000000000001	198.08017932305066
0.1134	198.44003225131354
0.1135	198.8012886674959
0.1136	199.16395691262196
0.11370000000000001	199.52804539413236
0.11380000000000001	199.89356258702114
0.1139	200.2605170345332
0.114	200.62891734853912
0.11410000000000001	200.9987722104736
0.11420000000000001	201.37009037170844
0.1143	201.7428806549715
0.1144	202.11715195440357
0.1145	202.49291323672335
0.11460000000000001	202.87017354138277
0.11470000000000001	203.24894198209972
0.1148	203.62922774712857
0.1149	204.01104010015797
0.115	204.39438838101458
0.11510000000000001	204.77928200643694
0.11520000000000001	205.16573047124612
0.1153	205.55374334862884
0.1154	205.94333029110263
0.1155	206.33450103189378
0.11560000000000001	206.7272653848011
0.11570000000000001	207.12163324606075
0.1158	207.51761459429477
0.1159	207.91521949193162
0.116	208.31445808630318
0.11610000000000001	208.71534060984933
0.11620000000000001	209.1178773814939
0.1163	209.5220788075653
0.1164	209.9279553825527
0.1165	210.33551769019505
0.11660000000000001	210.7447764042598
0.11670000000000001	211.15574228972258
0.1168	211.568426203506
0.1169	211.98283909586306
0.117	212.3989920110439
0.11710000000000001	212.81689608830058
0.11720000000000001	213.23656256309846
0.1173	213.65800276821338
0.1174	214.08122813450004
0.11750000000000001	214.50625019217748
0.11760000000000001	214.93308057198507
0.1177	215.36173100620496
0.1178	215.79221332968132
0.1179	216.22453948101963
0.11800000000000001	216.65872150370132
0.11810000000000001	217.09477154756033
0.1182	217.53270186942024
0.1183	217.97252483465036
0.1184	218.41425291819615
0.11850000000000001	218.85789870620124
0.11860000000000001	219.3034748968248
0.1187	219.75099430148387
0.1188	220.2004698463636
0.1189	220.65191457359577
0.11900000000000001	221.10534164278778
0.11910000000000001	221.56076433190637
0.1192	222.01819603917326
0.1193	222.47765028376938
0.1194	222.93914070818457
0.11950000000000001	223.4026810783596
0.11960000000000001	223.8682852863928
0.1197	224.33596735073422
0.1198	224.80574141905242
0.1199	225.2776217686189
0.12000000000000001	225.75162280794493
0.12010000000000001	226.22775907862686
0.1202	226.70604525721504
0.1203	227.18649615587654
0.12040000000000001	227.66912672474334
0.12050000000000001	228.15395205300553
0.1206	228.64098737095222
0.1207	229.1302480516677
0.1208	229.62174961219208
0.12090000000000001	230.11550771571882
0.12100000000000001	230.61153817314178
0.1211	231.10985694503375
0.1212	231.6104801430564
0.1213	232.1134240319202
0.12140000000000001	232.61870503120315
0.12150000000000001	233.12633971760263
0.1216	233.63634482622865
0.1217	234.14873725270616
0.1218	234.66353405528858
0.12190000000000001	235.18075245688223
0.12200000000000001	235.7004098465849
0.1221	236.2225237823496
0.1222	236.7471119921879
0.1223	237.274192377511
0.12240000000000001	237.80378301403542
0.12250000000000001	238.3359021546029
0.1226	238.8705682311957
0.1227	239.40779985696258
0.1228	239.94761582897044
0.12290000000000001	240.49003512998877
0.12300000000000001	241.035076930997
0.1231	241.58276059348614
0.1232	242.13310567237102
0.1233	242.68613191703867
0.12340000000000001	243.24185927560572
0.12350000000000001	243.8003078959363
0.1236	244.36149812917304
0.1237	244.92545053175652
0.12380000000000001	245.49218586798727
0.12390000000000001	246.06172511303112
0.124	246.63408945591874
0.1241	247.20930030115707
0.1242	247.78737927256603
0.12430000000000001	248.36834821571733
0.12440000000000001	248.95222920060712
0.1245	249.5390445251538
0.1246	250.12881671741306
0.1247	250.72156853916815
0.12480000000000001	251.31732298869932
0.12490000000000001	251.91610330402645
0.125	252.51793296593496
0.12510000000000002	253.12283570112183
0.1252	253.73083548569684
0.1253	254.34195654836074
0.1254	254.95622337377944
0.1255	255.5736607056334
0.12560000000000002	256.194293550801
0.1257	256.81814718225104
0.1258	257.4452471431413
0.1259	258.0756192496964
0.126	258.70928959551514
0.12610000000000002	259.34628455565377
0.1262	259.9866307893544
0.1263	260.6303552449026
0.1264	261.2774851630261
0.1265	261.92804808126635
0.12660000000000002	262.5820718376516
0.1267	263.2395845752581
0.1268	263.9006147459276
0.1269	264.56519111516997
0.127	265.23334276629873
0.12710000000000002	265.9050991041545
0.1272	266.5804898606003
0.1273	267.25954509876647
0.1274	267.94229521748366
0.1275	268.6287709562528
0.12760000000000002	269.3190033996527
0.1277	270.0130239828452
0.1278	270.7108644963363
0.1279	271.4125570908499
0.128	272.1181342823874
0.12810000000000002	272.8276289580306
0.1282	273.54107438076704
0.1283	274.2585041948014
0.12840000000000001	274.9799524318258
0.1285	275.70545351580853
0.12860000000000002	276.43504226929224
0.1287	277.16875391858196
0.1288	277.9066241003842
0.12890000000000001	278.64868886733365
0.129	279.3949846943141
0.1291	280.14554848478895
0.1292	280.90041757663454
0.1293	281.6596297493492
0.12940000000000002	282.42322323026934
0.1295	283.191236700957
0.1296	283.96370930467447
0.1297	284.7406806529005
0.1298	285.5221908320701
0.12990000000000002	286.3082804117966
0.13	287.09899045109785
0.1301	287.89436250669104
0.1302	288.69443864005314
0.1303	289.4992614253915
0.13040000000000002	290.3088739574126
0.1305	291.12331985960947
0.1306	291.9426432920271
0.1307	292.76688896018953
0.1308	293.5961021229585
0.13090000000000002	294.43032860133997
0.131	295.2696147877142
0.1311	296.1140076542609
0.1312	296.96355476290756
0.1313	297.818304273438
0.13140000000000002	298.6783049538537
0.1315	299.54360619014244
0.1316	300.41425799560983
0.1317	301.29031102152595
0.1318	302.1718165669013
0.13190000000000002	303.0588265888231
0.132	303.95139371404906
0.1321	304.84957124878576
0.1322	305.7534131905029
0.1323	306.66297423846197
0.13240000000000002	307.578309806737
0.1325	308.4994760338822
0.1326	309.4265297968275
0.1327	310.35952872187585
0.1328	311.298531197858
0.13290000000000002	312.24359638852764
0.133	313.19478424556564
0.1331	314.15215552182195
0.1332	315.115771784999
0.1333	316.08569543150475
0.13340000000000002	317.06198970000327
0.1335	318.0447186866974
0.1336	319.03394735860167
0.1337	320.02974156992894
0.1338	321.0321680764182
0.13390000000000002	322.0412945519167
0.134	323.05718960259924
0.1341	324.0799227851267
0.1342	325.10956462196407
0.1343	326.1461866188528
0.13440000000000002	327.189861281791
0.1345	328.24066213521905
0.1346	329.2986637395931
0.13470000000000001	330.36394170977553
0.1348	331.4365727342927
0.13490000000000002	332.51663459427846
0.135	333.604206183291
0.1351	334.69936752709947
0.13520000000000001	335.8021998044577
0.1353	336.91278536803327
0.13540000000000002	338.031207765797
0.1355	339.15755176309847
0.1356	340.29190336468736
0.13570000000000002	341.4343498378384
0.1358	342.58497973584207
0.1359	343.74388292179606
0.136	344.9111505932921
0.1361	346.08687530641754
0.13620000000000002	347.27115100334277
0.1363	348.46407303641064
0.1364	349.66573819607527
0.1365	350.8762447378238
0.1366	352.0956924106418
0.13670000000000002	353.324182485394
0.1368	354.56181778359536
0.1369	355.8087027083329
0.137	357.06494327471773
0.1371	358.33064714092666
0.13720000000000002	359.6059236405958
0.1373	360.89088381608076
0.1374	362.1856404513324
0.1375	363.49030810772337
0.1376	364.80500315775816
0.13770000000000002	366.1298438226775
0.1378	367.46495020901483
0.1379	368.8104443461697
0.138	370.16645022622936
0.1381	371.5330938427272
0.13820000000000002	372.9105032321881
0.1383	374.298808516348
0.1384	375.69814194359526
0.1385	377.1086379340601
0.1386	378.5304331247567
0.13870000000000002	379.9636664152487
0.1388	381.4084790150807
0.1389	382.8650144921915
0.139	384.3334188231202
0.1391	385.81384044338637
0.13920000000000002	387.30643030077334
0.1393	388.81134190826435
0.1394	390.3287313989789
0.1395	391.85875758378603
0.1396	393.4015820077308
0.13970000000000002	394.9573690111756
0.1398	396.5262857899839
0.1399	398.1085024575638
0.14	399.70419211110453
0.1401	401.3135308957146
0.14020000000000002	402.9366980737811
0.1403	404.57387609337695
0.1404	406.22525066127764
0.1405	407.8910108150947
0.1406	409.57134899949693
0.14070000000000002	411.2664611434255
0.1408	412.97654674119735
0.1409	414.70180893205895
0.14100000000000001	416.44245458672157
0.1411	418.1986943923819
0.14120000000000002	419.9707429424858
0.1413	421.7588188285875
0.1414	423.5631447336487
0.14150000000000001	425.38394752906584
0.1416	427.22145837491416
0.14170000000000002	429.07591282156454
0.1418	430.94755091586427
0.1419	432.836617309077
0.14200000000000002	434.74336136868556
0.1421	436.6680372940587
0.1422	438.6109042329914
0.1423	440.57222640609035
0.1424	442.5522732293645
0.14250000000000002	444.55131944679044
0.1426	446.56964526067736
0.1427	448.60753646990935
0.1428	450.66528461124403
0.1429	452.7431871054537
0.14300000000000002	454.8415474067617
0.1431	456.9606751578705
0.1432	459.1008863501111
0.1433	461.2625034869911
0.1434	463.44585575509313
0.14350000000000002	465.65127919878444
0.1436	467.8791169004451
0.1437	470.1297191678402
0.1438	472.40344372611764
0.1439	474.700655915843
0.14400000000000002	477.02172889986207
0.1441	479.3670438733432
0.1442	481.73699028349876
0.1443	484.13196605586563
0.1444	486.5523778265505
0.14450000000000002	488.9986411848761
0.1446	491.4711809223126
0.1447	493.97043129013707
0.1448	496.4968362662746
0.1449	499.0508498305679
0.14500000000000002	501.63293625074783
0.1451	504.24357037696666
0.1452	506.8832379469558
0.1453	509.5524359027597
0.1454	512.251672716219
0.14550000000000002	514.9814687297597
0.1456	517.7423565058307
0.1457	520.5348811903599
0.1458	523.3596008890926
0.1459	526.2170870589455
0.14600000000000002	529.1079249100162
0.1461	532.0327138269647
0.1462	534.99206780185
0.1463	537.986615886544
0.1464	541.0170026597592
0.14650000000000002	544.0838887121606
0.1466	547.1879511501623
0.1467	550.3298841192502
0.1468	553.5103993473278
0.1469	556.7302267075096
0.14700000000000002	559.9901148055059
0.1471	563.2908315881953
0.1472	566.6331649760383
0.14730000000000001	570.0179235222901
0.1474	573.4459370966538
0.14750000000000002	576.9180575976924
0.1476	580.435159694053
0.1477	583.9981415948478
0.14780000000000001	587.6079258531344
0.1479	591.265460202253
0.14800000000000002	594.9717184266341
0.1481	598.7277012684098
0.1482	602.534437374673
0.14830000000000002	606.3929842836778
0.1484	610.3044294531453
0.14850000000000002	614.26989133238
0.1486	618.2905204843845
0.1487	622.3675007518225
0.14880000000000002	626.5020504812754
0.1489	630.6954237953613
0.149	634.9489119258955
0.1491	639.2638446073227
0.1492	643.6415915321672
0.14930000000000002	648.0835638727424
0.1494	652.5912158774421
0.1495	657.166046536009
0.1496	661.8096013274217
0.1497	666.523474049084
0.14980000000000002	671.3093087326727
0.1499	676.1688016538363
0.15	681.1037034392054
0.1501	686.115821276271
0.1502	691.2070212329439
0.15030000000000002	696.3792306914905
0.1504	701.6344409087666
0.1505	706.9747097004077
0.1506	712.4021642672265
0.1507	717.9190041654913
0.15080000000000002	723.5275044311064
0.1509	729.230018871442
0.151	735.028983527078
0.1511	740.9269203212398
0.1512	746.9264409065596
0.15130000000000002	753.0302507221451
0.1514	759.2411532689867
0.1515	765.5620546309341
0.1516	771.9959682406719
0.1517	778.5460199222471
0.15180000000000002	785.2154532182751
0.1519	792.0076350251559
0.152	798.9260615557779
0.1521	805.9743646577134
0.1522	813.1563185020087
0.15230000000000002	820.4758466762833
0.1524	827.937029708624
0.1525	835.54411305163
0.1526	843.3015155662215
0.1527	851.2138385280622
0.15280000000000002	859.2858752148812
0.1529	867.5226210995763
0.153	875.9292847081596
0.1531	884.5112991865467
0.1532	893.2743346315115
0.15330000000000002	902.2243112533279
0.1534	911.3674134239893
0.1535	920.7101046897732
0.15360000000000001	930.2591438257272
0.1537	940.0216020197062
0.15380000000000002	950.00488126896
0.1539	960.2167341109035
0.154	970.6652847771492
0.15410000000000001	981.3590519185054
0.1542	992.3069730208053
0.15430000000000002	1003.5184306687232
0.1544	1015.0032808186294
0.1545	1026.7718832718585
0.15460000000000002	1038.8351345410933
0.1547	1051.2045033390402
0.15480000000000002	1063.8920689357901
0.1549	1076.910562663563
0.155	1090.2734128672696
0.15510000000000002	1103.9947936522162
0.1552	1118.0896777986582
0.1553	1132.5738942751618
0.1554	1147.4641908235203
0.1555	1162.778302140597
0.15560000000000002	1178.5350242645961
0.1557	1194.7542958261877
0.1558	1211.4572869213496
0.1559	1228.6664964636186
0.156	1246.405858968127
0.15610000000000002	1264.7008618640475
0.1562	1283.5786745661558
0.1563	1303.0682907139892
0.1564	1323.2006851825565
0.1565	1344.0089876769662
0.15660000000000002	1365.5286750314751
0.1567	1387.7977845809003
0.1568	1410.8571513884915
0.1569	1434.7506725033718
0.157	1459.5256019274616
0.15710000000000002	1485.2328805567013
0.1572	1511.9275060553105
0.1573	1539.6689484432895
0.1574	1568.5216181552453
0.1575	1598.555394508032
0.15760000000000002	1629.8462239061764
0.1577	1662.4767988246158
0.1578	1696.5373306348922
0.1579	1732.1264318458298
0.158	1769.352126357456
0.15810000000000002	1808.3330100263647
0.1582	1849.1995884399482
0.1583	1892.0958244372353
0.1584	1937.1809349760642
0.1585	1984.6314857333548
0.15860000000000002	2034.643842934409
0.1587	2087.4370559227045
0.1588	2143.256261888664
0.1589	2202.376727113248
0.159	2265.108668753066
0.15910000000000002	2331.8030398746887
0.1592	2402.858511156381
0.1593	2478.729949989336
0.15940000000000001	2559.938787636529
0.1595	2647.085786646963
0.15960000000000002	2740.8668866471944
0.1597	2842.093035806271
0.1598	2951.7152358000967
0.15990000000000001	3070.856482363646
0.16	3200.8529368622426
0.16010000000000002	3343.30761885042
0.1602	3500.1613286304496
0.1603	3673.787658710959
0.16040000000000001	3867.122279262912
0.1605	4083.841949132896
0.16060000000000002	4328.617261455007
0.1607	4607.477446523172
0.1608	4928.3502950039565
0.16090000000000002	5301.884656860521
0.161	5742.746133191561
0.16110000000000002	6271.740396815018
0.1612	6919.4610371011295
0.1613	7732.927806480817
0.16140000000000002	8788.56670604204
0.1615	10220.051857711029
0.16160000000000002	12285.937773756314
0.1617	15565.975430226712
0.1618	21717.32670788824
0.16190000000000002	38580.90993881558
0.162	1.771560000096677e6