0.	49.39326287263948
0.0001	49.39014392792419
0.0002	49.387100992394274
0.00030000000000000003	49.38413395792608
0.0004	49.38124271697643
0.0005	49.37842716257835
0.0006000000000000001	49.37568718834391
0.0007	49.37302268846234
0.0008	49.37043355770013
0.0009000000000000001	49.36791969140037
0.001	49.36548098548314
0.0011	49.363117336443516
0.0012000000000000001	49.36082864135358
0.0013000000000000002	49.35861479785962
0.0014	49.35647570418346
0.0015	49.35441125912135
0.0016	49.35242136204364
0.0017000000000000001	49.35050591289443
0.0018000000000000002	49.34866481219095
0.0019	49.34689796102343
0.002	49.34520526105482
0.0021000000000000003	49.343586614518884
0.0022	49.34204192422272
0.0023	49.340571093542906
0.0024000000000000002	49.33917402642837
0.0025	49.33785062739655
0.0026000000000000003	49.336600801535326
0.0027	49.33542445450122
0.0028	49.334321492521234
0.0029000000000000002	49.333291822388524
0.003	49.33233535146541
0.0031000000000000003	49.331451987681255
0.0032	49.3306416395316
0.0033	49.329904216079136
0.0034000000000000002	49.32923962695149
0.0035	49.3286477823419
0.0036000000000000003	49.32812859300913
0.0037	49.327681970274725
0.0038	49.32730782602479
0.0039000000000000003	49.32700607270843
0.004	49.32677662333727
0.0041	49.32661939148522
0.004200000000000001	49.32653429128699
0.0043	49.32652123743861
0.0044	49.326580145197376
0.0045000000000000005	49.32671093037948
0.0046	49.32691350936011
0.0047	49.327187799073705
0.0048000000000000004	49.32753371701278
0.0049	49.327951181227334
0.005	49.32844011032445
0.0051	49.329000423466894
0.005200000000000001	49.329632040374285
0.0053	49.330334881320304
0.0054	49.33110886713379
0.0055000000000000005	49.33195391919831
0.0056	49.33286995944919
0.0057	49.33385691037617
0.0058000000000000005	49.33491469501961
0.0059	49.33604323697206
0.006	49.33724246037864
0.0061	49.338512289931515
0.006200000000000001	49.339852650875685
0.0063	49.34126346900264
0.0064	49.342744670654355
0.006500000000000001	49.344296182720456
0.0066	49.345917932635786
0.0067	49.34760984838319
0.0068000000000000005	49.34937185849243
0.006900000000000001	49.351203892035976
0.007	49.35310587863378
0.0071	49.35507774844762
0.007200000000000001	49.35711943218328
0.0073	49.35923086108972
0.0074	49.36141196695717
0.007500000000000001	49.36366268211754
0.0076	49.36598293944484
0.0077	49.368372672350496
0.0078000000000000005	49.37083181478768
0.0079	49.37336030124658
0.008	49.375958066757036
0.0081	49.37862504688657
0.0082	49.38136117773717
0.0083	49.384166395948725
0.008400000000000001	49.387040638697236
0.0085	49.38998384369138
0.0086	49.392995949176644
0.008700000000000001	49.39607689392861
0.0088	49.39922661725894
0.0089	49.40244505900989
0.009000000000000001	49.40573215955459
0.0091	49.40908785979904
0.0092	49.412512101176674
0.009300000000000001	49.4160048256522
0.0094	49.41956597571896
0.0095	49.42319549439686
0.009600000000000001	49.42689332523585
0.0097	49.430659412311456
0.0098	49.434493700223484
0.0099	49.43839613409952
0.01	49.442366659590725
0.010100000000000001	49.44640522287286
0.0102	49.450511770645754
0.0103	49.4546862501293
0.010400000000000001	49.45892860906825
0.0105	49.46323879572745
0.0106	49.46761675889232
0.010700000000000001	49.47206244786895
0.0108	49.47657581248173
0.0109	49.48115680307457
0.011000000000000001	49.48580537050909
0.0111	49.49052146616417
0.0112	49.49530504193583
0.011300000000000001	49.50015605023499
0.0114	49.50507444398831
0.0115	49.51006017663705
0.011600000000000001	49.51511320213735
0.0117	49.520233474957685
0.0118	49.525420950078946
0.0119	49.53067558299371
0.012	49.53599732970694
0.012100000000000001	49.54138614673433
0.0122	49.546841991099726
0.0123	49.55236482033818
0.012400000000000001	49.5579545924917
0.0125	49.56361126611135
0.0126	49.56933480025525
0.012700000000000001	49.57512515448748
0.0128	49.58098228888013
0.0129	49.586906164008
0.013000000000000001	49.59289674095044
0.0131	49.59895398129445
0.0132	49.60507784712596
0.013300000000000001	49.611268301036354
0.0134	49.61752530611813
0.0135	49.62384882596413
0.013600000000000001	49.63023882467038
0.0137	49.636695266831175
0.013800000000000002	49.643218117540975
0.013900000000000001	49.64980734239209
0.014	49.65646290747596
0.014100000000000001	49.663184779381034
0.0142	49.66997292519332
0.0143	49.67682731249432
0.014400000000000001	49.683747909361735
0.0145	49.69073468436729
0.0146	49.697787606577556
0.014700000000000001	49.70490664555355
0.0148	49.71209177134853
0.0149	49.7193429545091
0.015000000000000001	49.72666016607171
0.0151	49.73404337756566
0.0152	49.7414925610115
0.015300000000000001	49.74900768891791
0.0154	49.75658873428464
0.0155	49.76423567059851
0.015600000000000001	49.771948471835465
0.015700000000000002	49.77972711246018
0.0158	49.78757156742178
0.0159	49.79548181215778
0.016	49.80345782258991
0.0161	49.81149957512592
0.0162	49.8196070466585
0.016300000000000002	49.82778021456393
0.0164	49.836019056700835
0.0165	49.84432355141227
0.0166	49.852693677521714
0.0167	49.86112941433582
0.016800000000000002	49.86963074164268
0.016900000000000002	49.87819763970901
0.017	49.88683008928247
0.0171	49.89552807158884
0.0172	49.904291568335196
0.0173	49.91312056170491
0.017400000000000002	49.922015034358765
0.0175	49.930974969435994
0.0176	49.940000350550754
0.0177	49.94909116179402
0.0178	49.95824738773325
0.0179	49.96746901340833
0.018000000000000002	49.976756024335266
0.0181	49.9861084065037
0.0182	49.99552614637445
0.0183	50.005009230884966
0.0184	50.01455764744139
0.018500000000000003	50.02417138392379
0.018600000000000002	50.033850428681134
0.0187	50.04359477053385
0.0188	50.05340439877324
0.0189	50.06327930316061
0.019	50.07321947392451
0.019100000000000002	50.08322490176235
0.019200000000000002	50.093295577840756
0.0193	50.10343149379273
0.0194	50.11363264171933
0.0195	50.12389901418737
0.0196	50.13423060422884
0.019700000000000002	50.144627405343726
0.0198	50.15508941149502
0.0199	50.1656166171117
0.02	50.17620901708439
0.0201	50.18686660677108
0.020200000000000003	50.19758938198956
0.020300000000000002	50.20837733902179
0.0204	50.21923047461144
0.0205	50.23014878596555
0.0206	50.24113227075044
0.0207	50.252180927092596
0.020800000000000003	50.2632947535821
0.020900000000000002	50.274473749266825
0.0211	50.297027246710876
0.0212	50.30840174886208
0.0213	50.31984142099209
0.021400000000000002	50.33134626444135
0.021500000000000002	50.34291628100947
0.0216	50.35455147295123
0.0217	50.366251842978336
0.0218	50.37801739426102
0.0219	50.389848130421065
0.022000000000000002	50.40174405553779
0.0221	50.4137051741475
0.0222	50.42573149123485
0.0223	50.4378230122461
0.0224	50.44997974307571
0.022500000000000003	50.462201690072185
0.022600000000000002	50.47448886004052
0.0227	50.48684126023411
0.0228	50.49925889836119
0.0229	50.51174178257925
0.023	50.52428992149934
0.023100000000000002	50.53690332418256
0.023200000000000002	50.549582000143744
0.0233	50.56232595934118
0.0234	50.57513521219071
0.0235	50.588009769552784
0.0236	50.60094964273907
0.023700000000000002	50.61395484351216
0.0238	50.62702538407818
0.0239	50.6401612770969
0.024	50.65336253567206
0.0241	50.66662917335901
0.024200000000000003	50.67996120415692
0.024300000000000002	50.693358642512635
0.0244	50.70682150332155
0.0245	50.720349801924286
0.0246	50.73394355410765
0.0247	50.747602776105545
0.024800000000000003	50.76132748459269
0.024900000000000002	50.77511769669619
0.025	50.78897342998374
0.0251	50.80289470246773
0.0252	50.81688153260661
0.0253	50.83093393930118
0.025400000000000002	50.84505194189799
0.025500000000000002	50.85923556018624
0.0256	50.87348481439765
0.0257	50.887799725209824
0.0258	50.90218031374009
0.025900000000000003	50.916626601550064
0.026000000000000002	50.93113861064363
0.0261	50.945716363466715
0.0262	50.9603598829065
0.0263	50.97506919229496
0.0264	50.98984431539906
0.026500000000000003	51.004685276435225
0.026600000000000002	51.01959210005412
0.0267	51.0345648113511
0.0268	51.049603435861336
0.0269	51.06470799955849
0.027	51.07987852886048
0.027100000000000003	51.09511505062126
0.027200000000000002	51.110417592137
0.0273	51.12578618114445
0.0274	51.14122084581514
0.0275	51.15672161476564
0.027600000000000003	51.172288517048926
0.027700000000000002	51.18792158215763
0.027800000000000002	51.20362084002363
0.0279	51.21938632101545
0.028	51.23521805594231
0.0281	51.25111607605307
0.028200000000000003	51.26708041303131
0.028300000000000002	51.283111099001495
0.0284	51.29920816652516
0.0285	51.31537164860223
0.0286	51.33160157866994
0.0287	51.34789799060459
0.028800000000000003	51.36426091871653
0.028900000000000002	51.38069039775951
0.029	51.39718646291856
0.0291	51.41374914981994
0.0292	51.43037849452629
0.029300000000000003	51.44707453353588
0.029400000000000003	51.46383730378686
0.029500000000000002	51.48066684265111
0.0296	51.49756318793897
0.0297	51.514526377900026
0.0298	51.531556451216716
0.029900000000000003	51.54865344701114
0.030000000000000002	51.56581740483928
0.030100000000000002	51.583048364695564
0.0302	51.600346367012754
0.0303	51.61771145265707
0.0304	51.63514366293199
0.030500000000000003	51.652643039581974
0.030600000000000002	51.670209624780426
0.0307	51.68784346114296
0.0308	51.705544591717654
0.0309	51.72331305999324
0.031	51.74114890989518
0.031100000000000003	51.759052185779694
0.031200000000000002	51.77702293244434
0.0313	51.79506119512387
0.031400000000000004	51.81316701948499
0.0315	51.83134045163822
0.0316	51.8495815381224
0.0317	51.86789032591832
0.0318	51.886266862444764
0.031900000000000005	51.90471119555194
0.032	51.923223373533226
0.032100000000000004	51.94180344511327
0.0322	51.960451459457346
0.0323	51.97916746616724
0.0324	51.997951515279745
0.0325	52.01680365727059
0.032600000000000004	52.03572394305563
0.0327	52.05471242398291
0.0328	52.07376915184137
0.0329	52.092894178856774
0.033	52.11208755769026
0.033100000000000004	52.131349341446096
0.0332	52.15067958366409
0.0333	52.17007833831716
0.0334	52.189545659829236
0.0335	52.20908160304565
0.033600000000000005	52.228686223266315
0.0337	52.24835957621627
0.033800000000000004	52.26810171807117
0.0339	52.28791270543947
0.034	52.30779259536775
0.0341	52.32774144534609
0.0342	52.34775931330359
0.034300000000000004	52.367846257603496
0.0344	52.38800233705828
0.0345	52.40822761090978
0.0346	52.428522138853374
0.0347	52.44888598101384
0.034800000000000005	52.46931919795957
0.0349	52.48982185070268
0.035	52.51039400069322
0.0351	52.53103570982853
0.0352	52.551747040439956
0.035300000000000005	52.57252805530776
0.0354	52.593378817647675
0.035500000000000004	52.61429939112339
0.0356	52.63528983984137
0.0357	52.65635022834606
0.0358	52.677480621630195
0.0359	52.69868108512863
0.036000000000000004	52.71995168472078
0.0361	52.741292486726515
0.0362	52.76270355791927
0.0363	52.784184965507635
0.0364	52.80573677714828
0.036500000000000005	52.827359060943564
0.0366	52.84905188544578
0.0367	52.870815319650376
0.0368	52.89264943299659
0.0369	52.914554295370145
0.037000000000000005	52.93652997711313
0.0371	52.95857654900266
0.037200000000000004	52.980694082275804
0.0373	53.00288264860824
0.0374	53.025142320130605
0.0375	53.047473169418076
0.0376	53.06987526949824
0.037700000000000004	53.09234869384865
0.0378	53.11489351639837
0.0379	53.13750981152185
0.038	53.16019765405066
0.0381	53.18295711926124
0.038200000000000005	53.205788282896016
0.0383	53.22869122113312
0.038400000000000004	53.2516660106148
0.0385	53.274712728427204
0.0386	53.29783145212016
0.038700000000000005	53.32102225969782
0.0388	53.34428522961182
0.038900000000000004	53.367620440769045
0.039	53.391027972538495
0.0391	53.41450790474203
0.0392	53.438060317664096
0.0393	53.461685292038354
0.039400000000000004	53.48538290905857
0.0395	53.50915325037617
0.0396	53.53299639810374
0.0397	53.5569124348146
0.0398	53.580901443549884
0.039900000000000005	53.604963507788455
0.04	53.62909871149305
0.040100000000000004	53.65330713906651
0.0402	53.67758887540319
0.0403	53.70194400584291
0.040400000000000005	53.72637261618441
0.0405	53.75087479268873
0.040600000000000004	53.77545062210004
0.0407	53.80010019161911
0.0408	53.8248235889173
0.0409	53.849620902106345
0.041	53.87449221980598
0.041100000000000005	53.89943763106963
0.0412	53.92445722544161
0.0413	53.94955109293806
0.0414	53.974719324013456
0.0415	53.99996200963124
0.041600000000000005	54.02527924119195
0.0417	54.050671110597115
0.041800000000000004	54.07613771023457
0.0419	54.1016791329081
0.042	54.12729547193153
0.042100000000000005	54.15298682108416
0.0422	54.17875327465313
0.042300000000000004	54.204594927370294
0.0424	54.23051187447856
0.0425	54.25650421158934
0.0426	54.28257203499329
0.0427	54.30871544124116
0.042800000000000005	54.334934527516005
0.0429	54.36122939143668
0.043000000000000003	54.387600131082515
0.0431	54.414046845038
0.0432	54.440569632374775
0.043300000000000005	54.46716859257591
0.0434	54.49384382592805
0.043500000000000004	54.520595432642935
0.0436	54.547423513842006
0.0437	54.57432817239667
0.0438	54.60130950637012
0.0439	54.62836762191447
0.044000000000000004	54.65550262094739
0.0441	54.68271460693391
0.0442	54.71000368371452
0.0443	54.73736995578136
0.0444	54.76481352806651
0.044500000000000005	54.7923345060018
0.0446	54.819932995538124
0.044700000000000004	54.84760910309902
0.0448	54.87536293560969
0.0449	54.90319460051259
0.045000000000000005	54.93110420569804
0.0451	54.95909185964465
0.045200000000000004	54.987157671266104
0.0453	55.01530175000169
0.0454	55.043524205796594
0.0455	55.07182514908455
0.0456	55.10020469084651
0.045700000000000005	55.128662942534184
0.0458	55.15720001612861
0.0459	55.185816024096745
0.046	55.214511079442715
0.0461	55.24328529566281
0.046200000000000005	55.27213878680596
0.0463	55.301071667380874
0.046400000000000004	55.33008405244693
0.0465	55.359176057578935
0.0466	55.38834779884671
0.046700000000000005	55.417599392877456
0.0468	55.44693095679155
0.046900000000000004	55.47634260823391
0.047	55.50583446538632
0.0471	55.53540664692979
0.0472	55.565059272103014
0.0473	55.59479246064838
0.047400000000000005	55.62460633285041
0.0475	55.65450100950904
0.0476	55.68447661195949
0.0477	55.714533262086924
0.0478	55.744671082284064
0.047900000000000005	55.77489019548912
0.048	55.80519072518107
0.048100000000000004	55.83557279536653
0.0482	55.86603653060768
0.0483	55.89658205598946
0.048400000000000006	55.92720949713994
0.0485	55.957918980243676
0.048600000000000004	55.98871063201946
0.0487	56.01958457972822
0.0488	56.050540951194144
0.0489	56.081579874771855
0.049	56.11270147937944
0.049100000000000005	56.143905894478564
0.0492	56.17519325008785
0.049300000000000004	56.20656367678475
0.0494	56.238017305696374
0.0495	56.26955426850973
0.049600000000000005	56.30117469747071
0.0497	56.33287872538904
0.049800000000000004	56.36466648564023
0.0499	56.396538112149834
0.05	56.428493739423814
0.050100000000000006	56.46053350252787
0.0502	56.49265753710296
0.050300000000000004	56.52486597935472
0.0504	56.557158966063746
0.0505	56.58953663458272
0.0506	56.621999122845196
0.0507	56.65454656935136
0.050800000000000005	56.68717911319846
0.0509	56.71989689404651
0.051000000000000004	56.75270005214959
0.0511	56.78558872833982
0.0512	56.81856306403868
0.051300000000000005	56.85162320126006
0.0514	56.88476928259646
0.051500000000000004	56.918001451242986
0.0516	56.95131985098016
0.0517	56.98472462619207
0.051800000000000006	57.01821592185309
0.0519	57.051793883535986
0.052000000000000005	57.085458657423914
0.0521	57.11921039029025
0.0522	57.15304922952674
0.0523	57.186975323119725
0.0524	57.22098881966964
0.052500000000000005	57.25508986839111
0.0526	57.28927861910626
0.052700000000000004	57.32355522225499
0.0528	57.35791982888785
0.0529	57.39237259068887
0.053000000000000005	57.42691365994866
0.0531	57.46154318958311
0.053200000000000004	57.49626133314037
0.0533	57.53106824478917
0.0534	57.565964079330385
0.053500000000000006	57.60094899219859
0.0536	57.63602313945482
0.053700000000000005	57.671186677806716
0.0538	57.70643976458896
0.0539	57.74178255778518
0.054	57.777215216015556
0.0541	57.81273789855116
0.054200000000000005	57.84835076530698
0.0543	57.884053976840825
0.054400000000000004	57.919847694375704
0.0545	57.95573207977737
0.0546	57.991707295576305
0.054700000000000006	58.027773504955405
0.0548	58.063930871758565
0.054900000000000004	58.10017956049987
0.055	58.13651973635685
0.0551	58.17295156516692
0.055200000000000006	58.20947521345096
0.0553	58.246090848399284
0.055400000000000005	58.282798637871984
0.0555	58.3195987504149
0.055600000000000004	58.35649135525365
0.0557	58.39347662229191
0.0558	58.43055472213044
0.055900000000000005	58.467725826044045
0.056	58.50499010601053
0.056100000000000004	58.542347734698986
0.0562	58.579798885472336
0.0563	58.6173437323961
0.056400000000000006	58.65498245023518
0.0565	58.692715214457614
0.056600000000000004	58.73054220124961
0.0567	58.7684635874921
0.0568	58.806479550791344
0.056900000000000006	58.84459026946466
0.057	58.88279592254596
0.057100000000000005	58.92109668979781
0.0572	58.95949275169782
0.057300000000000004	58.9979842894608
0.0574	59.036571485023615
0.0575	59.07525452106106
0.057600000000000005	59.114033580985335
0.0577	59.15290884894105
0.057800000000000004	59.1918805098246
0.0579	59.23094874926726
0.058	59.27011375365701
0.058100000000000006	59.30937571013159
0.0582	59.348734806579344
0.058300000000000005	59.388191231649216
0.0584	59.427745174751124
0.0585	59.46739682605774
0.058600000000000006	59.5071463765121
0.0587	59.54699401782076
0.058800000000000005	59.58693994247179
0.0589	59.62698434372505
0.059000000000000004	59.667127415624144
0.0591	59.70736935299403
0.0592	59.74771035144537
0.059300000000000005	59.788150607383436
0.0594	59.82869031800131
0.059500000000000004	59.86932968129709
0.0596	59.910068896061134
0.0597	59.95090816189198
0.059800000000000006	59.99184767919904
0.0599	60.032887649194066
0.060000000000000005	60.07402827391321
0.0601	60.115269756201165
0.060200000000000004	60.156612299736054
0.0603	60.19805610900962
0.0604	60.23960138935108
0.060500000000000005	60.281248346919234
0.0606	60.322997188707795
0.060700000000000004	60.36484812255631
0.0608	60.40680135714167
0.0609	60.44885710199485
0.061000000000000006	60.491015567494266
0.0611	60.53327696487418
0.061200000000000004	60.5756415062322
0.0613	60.618109404524525
0.0614	60.66068087357859
0.061500000000000006	60.703356128090704
0.0616	60.74613538363089
0.061700000000000005	60.78901885665489
0.0618	60.83200676449605
0.061900000000000004	60.87509932537749
0.062	60.918296758413085
0.0621	60.961599283611946
0.062200000000000005	61.00500712188618
0.0623	61.0485204950484
0.062400000000000004	61.092139625824665
0.0625	61.1358647378453
0.0626	61.17969605566775
0.0627	61.22363380476275
0.06280000000000001	61.26767821153042
0.0629	61.311829503303116
0.063	61.356087908343696
0.0631	61.40045365585385
0.0632	61.44492697598263
0.06330000000000001	61.48950809982421
0.0634	61.53419725942817
0.0635	61.57899468779859
0.0636	61.623900618902226
0.0637	61.66891528767243
0.06380000000000001	61.71403893001385
0.0639	61.75927178281009
0.064	61.80461408391834
0.0641	61.85006607218879
0.06420000000000001	61.895627987458106
0.06430000000000001	61.94130007055865
0.0644	61.98708256332456
0.0645	62.032975708592446
0.0646	62.07897975021206
0.06470000000000001	62.1250949330475
0.0648	62.171321502978444
0.0649	62.21765970691673
0.065	62.264109792803644
0.0651	62.31067200961047
0.06520000000000001	62.35734660735341
0.0653	62.40413383709532
0.0654	62.45103395094751
0.0655	62.49804720208033
0.0656	62.54517384472551
0.06570000000000001	62.59241413417997
0.0658	62.63976832681711
0.0659	62.68723668008524
0.066	62.73481945251862
0.0661	62.78251690373875
0.06620000000000001	62.830329294463986
0.0663	62.87825688650975
0.0664	62.92629994280214
0.0665	62.974458727378284
0.0666	63.02273350538751
0.06670000000000001	63.07112454310938
0.0668	63.11963210794857
0.0669	63.16825646844547
0.067	63.2169978942834
0.0671	63.26585665629114
0.06720000000000001	63.31483302644858
0.0673	63.363927277897076
0.0674	63.413139684940234
0.0675	63.46247052305959
0.06760000000000001	63.511920068904374
0.06770000000000001	63.56148860031409
0.0678	63.611176396315614
0.0679	63.6609837371318
0.068	63.71091090418851
0.06810000000000001	63.760958180120554
0.0682	63.81112584877706
0.0683	63.86141419523034
0.0684	63.911823505776596
0.0685	63.96235406795509
0.06860000000000001	64.01300617053639
0.0687	64.06378010354875
0.0688	64.11467615826801
0.0689	64.16569462723402
0.069	64.216835804256
0.06910000000000001	64.26809998441699
0.0692	64.31948746408438
0.0693	64.37099854090935
0.0694	64.42263351384297
0.0695	64.47439268314102
0.06960000000000001	64.52627635036713
0.0697	64.57828481840221
0.0698	64.63041839144854
0.0699	64.68267737504884
0.07	64.7350620760748
0.07010000000000001	64.78757280275173
0.0702	64.84020986465545
0.0703	64.89297357272339
0.0704	64.94586423926403
0.07050000000000001	64.9988821779553
0.07060000000000001	65.05202770387035
0.0707	65.10530113346447
0.0708	65.15870278459238
0.0709	65.21223297652372
0.07100000000000001	65.26589202993341
0.0711	65.31968026692903
0.0712	65.37359801103908
0.0713	65.42764558723664
0.0714	65.48182332194068
0.07150000000000001	65.53613154302323
0.0716	65.59057057982294
0.0717	65.64514076314549
0.0718	65.699842425278
0.0719	65.75467589999651
0.07200000000000001	65.80964152256885
0.0721	65.8647396297743
0.0722	65.91997055990039
0.0723	65.97533465275869
0.0724	66.03083224968817
0.07250000000000001	66.08646369357025
0.0726	66.14222932883234
0.0727	66.19812950145945
0.0728	66.25416455899976
0.0729	66.31033485058066
0.07300000000000001	66.36664072690645
0.0731	66.42308254028153
0.0732	66.47966064460249
0.0733	66.53637539538788
0.0734	66.59322714976547
0.07350000000000001	66.65021626649897
0.0736	66.70734310599147
0.0737	66.76460803028701
0.0738	66.82201140309742
0.07390000000000001	66.87955358979296
0.07400000000000001	66.93723495742562
0.0741	66.99505587473172
0.0742	67.05301671214741
0.0743	67.11111784181057
0.07440000000000001	67.16935963757938
0.0745	67.22774247503325
0.0746	67.28626673149127
0.0747	67.34493278602135
0.0748	67.40374101944266
0.07490000000000001	67.46269181434238
0.075	67.52178555508725
0.0751	67.5810226278305
0.0752	67.64040342052009
0.0753	67.69992832291855
0.07540000000000001	67.75959772660393
0.0755	67.81941202498534
0.0756	67.87937161330908
0.0757	67.93947688867958
0.0758	67.99972825005825
0.07590000000000001	68.06012609828336
0.076	68.1206708360764
0.0761	68.18136286805161
0.0762	68.24220260073696
0.0763	68.30319044257419
0.07640000000000001	68.36432680393442
0.0765	68.42561209713215
0.0766	68.48704673643277
0.0767	68.5486311380682
0.07680000000000001	68.61036572024545
0.07690000000000001	68.67225090315694
0.077	68.73428710900133
0.0771	68.79647476198055
0.0772	68.85881428832953
0.07730000000000001	68.92130611631147
0.07740000000000001	68.98395067624159
0.0775	69.0467484004961
0.0776	69.10969972352238
0.0777	69.1728050818537
0.07780000000000001	69.23606491412144
0.0779	69.29947966107054
0.078	69.36304976556512
0.0781	69.42677567260468
0.0782	69.49065782934493
0.07830000000000001	69.55469668509552
0.0784	69.61889269134863
0.0785	69.68324630178009
0.0786	69.74775797226764
0.0787	69.81242816090919
0.07880000000000001	69.87725732802537
0.0789	69.94224593618489
0.079	70.00739445020643
0.0791	70.07270333718391
0.0792	70.13817306649223
0.07930000000000001	70.20380410980296
0.0794	70.26959694110317
0.0795	70.33555203670335
0.0796	70.40166987525251
0.07970000000000001	70.46795093775944
0.07980000000000001	70.53439570759562
0.0799	70.60100467052207
0.08	70.66777831469533
0.0801	70.73471713068395
0.08020000000000001	70.80182161148694
0.08030000000000001	70.86909225254519
0.0804	70.93652955175848
0.0805	71.00413400949964
0.0806	71.07190612862803
0.08070000000000001	71.13984641451285
0.08080000000000001	71.20795537503533
0.0809	71.27623352062011
0.081	71.34468136423835
0.0811	71.41329942142664
0.08120000000000001	71.48208821031027
0.0813	71.55104825160711
0.0814	71.62018006865596
0.0815	71.6894841874264
0.0816	71.75896113653152
0.08170000000000001	71.82861144725672
0.0818	71.89843565356152
0.0819	71.96843429210983
0.082	72.03860790227753
0.0821	72.10895702617414
0.08220000000000001	72.17948220865712
0.0823	72.25018399735298
0.0824	72.32106294266984
0.0825	72.39211959782297
0.0826	72.46335451884084
0.08270000000000001	72.5347682645919
0.0828	72.60636139680324
0.0829	72.67813448006937
0.083	72.75008808188126
0.08310000000000001	72.82222277263902
0.08320000000000001	72.89453912566954
0.0833	72.96703771724744
0.0834	73.03971912661457
0.0835	73.11258393599552
0.08360000000000001	73.18563273062183
0.08370000000000001	73.25886609874769
0.0838	73.33228463166293
0.0839	73.40588892373019
0.084	73.47967957238443
0.08410000000000001	73.55365717816719
0.08420000000000001	73.62782234473556
0.0843	73.70217567889571
0.0844	73.77671779060712
0.0845	73.85144929301497
0.08460000000000001	73.9263708024676
0.0847	74.00148293853083
0.0848	74.07678632401968
0.0849	74.15228158501229
0.085	74.22796935086842
0.08510000000000001	74.30385025425966
0.0852	74.37992493118469
0.0853	74.45619402098771
0.0854	74.53265816639144
0.0855	74.60931801350597
0.08560000000000001	74.68617421185915
0.0857	74.76322741441935
0.0858	74.84047827760864
0.0859	74.91792746133896
0.08600000000000001	74.99557562902191
0.08610000000000001	75.07342344760008
0.0862	75.15147158756844
0.0863	75.2297207229915
0.0864	75.30817153153986
0.08650000000000001	75.38682469449918
0.08660000000000001	75.46568089680166
0.0867	75.54474082705019
0.0868	75.62400517754274
0.0869	75.70347464429238
0.08700000000000001	75.7831499270551
0.08710000000000001	75.8630317293529
0.0872	75.94312075850476
0.0873	76.02341772563965
0.0874	76.10392334573278
0.08750000000000001	76.18463833762745
0.0876	76.26556342405834
0.0877	76.34669933168054
0.0878	76.42804679109409
0.0879	76.50960653687056
0.08800000000000001	76.5913793075801
0.0881	76.67336584581659
0.0882	76.75556689822533
0.0883	76.83798321553114
0.0884	76.9206155525646
0.08850000000000001	77.00346466828627
0.0886	77.08653132582461
0.0887	77.16981629248926
0.0888	77.25332033981165
0.0889	77.3370442435693
0.08900000000000001	77.42098878380881
0.0891	77.50515474488596
0.0892	77.58954291548295
0.0893	77.67415408864461
0.08940000000000001	77.75898906180701
0.08950000000000001	77.84404863682668
0.0896	77.92933362000944
0.0897	78.01484482214188
0.0898	78.10058305851972
0.08990000000000001	78.1865491489848
0.09000000000000001	78.2727439179438
0.0901	78.35916819441614
0.0902	78.44582281204602
0.0903	78.53270860915025
0.09040000000000001	78.61982642874368
0.09050000000000001	78.70717711857002
0.0906	78.79476153113617
0.0907	78.88258052374499
0.0908	78.97063495852923
0.09090000000000001	79.05892570248002
0.091	79.14745362748405
0.0911	79.2362196103606
0.0912	79.32522453288624
0.0913	79.41446928183942
0.09140000000000001	79.50395474902726
0.0915	79.59368183132477
0.0916	79.68365143070649
0.0917	79.77386445428711
0.0918	79.86432181434748
0.09190000000000001	79.95502442838587
0.092	80.0459732191366
0.0921	80.13716911462109
0.0922	80.22861304817675
0.09230000000000001	80.32030595849609
0.09240000000000001	80.41224878966403
0.0925	80.50444249119667
0.0926	80.59688801807931
0.0927	80.68958633079988
0.09280000000000001	80.78253839539755
0.09290000000000001	80.87574518349267
0.093	80.96920767233159
0.0931	81.06292684481949
0.0932	81.15690368957212
0.09330000000000001	81.25113920094238
0.09340000000000001	81.34563437907141
0.0935	81.44039022992514
0.0936	81.53540776533617
0.0937	81.63068800304421
0.09380000000000001	81.72623196674107
0.09390000000000001	81.82204068611122
0.094	81.91811519687427
0.0941	82.01445654082723
0.0942	82.11106576589366
0.09430000000000001	82.20794392615612
0.0944	82.30509208191545
0.0945	82.40251129971746
0.0946	82.50020265241666
0.0947	82.59816721920605
0.09480000000000001	82.69640608567445
0.0949	82.79492034384167
0.095	82.89371109221568
0.0951	82.99277943583225
0.0952	83.09212648630366
0.09530000000000001	83.19175336186977
0.0954	83.29166118744077
0.0955	83.3918510946481
0.0956	83.49232422189891
0.09570000000000001	83.59308171441371
0.09580000000000001	83.69412472428664
0.0959	83.79545441052873
0.096	83.89707193912507
0.0961	83.99897848307972
0.09620000000000001	84.10117522247018
0.09630000000000001	84.20366334449798
0.0964	84.30644404354607
0.0965	84.40951852122167
0.0966	84.5128879864217
0.09670000000000001	84.61655365537568
0.09680000000000001	84.7205167517056
0.0969	84.82477850648512
0.097	84.92934015827966
0.0971	85.03420295322279
0.09720000000000001	85.139368145053
0.09730000000000001	85.24483699518517
0.0974	85.35061077275813
0.0975	85.45669075469742
0.0976	85.5630782257718
0.09770000000000001	85.66977447865257
0.0978	85.77678081397084
0.0979	85.88409854038161
0.098	85.99172897461796
0.0981	86.09967344156065
0.09820000000000001	86.20793327428856
0.0983	86.31650981415116
0.0984	86.42540441082396
0.0985	86.5346184223759
0.09860000000000001	86.64415321532711
0.09870000000000001	86.75401016472135
0.0988	86.8641906541859
0.0989	86.97469607599719
0.099	87.08552783114501
0.09910000000000001	87.19668732940752
0.09920000000000001	87.30817598940494
0.0993	87.41999523868296
0.0994	87.53214651376535
0.0995	87.64463126023625
0.09960000000000001	87.75745093280244
0.09970000000000001	87.87060699536624
0.0998	87.98410092109624
0.0999	88.09793419249948
0.1	88.21210830148964
0.10010000000000001	88.32662474946969
0.10020000000000001	88.4414850473934
0.1003	88.55669071585078
0.1004	88.67224328513224
0.1005	88.78814429531687
0.10060000000000001	88.9043952963387
0.10070000000000001	89.0209978480684
0.1008	89.13795352039021
0.1009	89.2552638932794
0.101	89.37293055688615
0.10110000000000001	89.49095511160908
0.1012	89.60933916818259
0.1013	89.72808434775351
0.1014	89.84719228196657
0.1015	89.96666461304838
0.10160000000000001	90.0865029938877
0.1017	90.2067090881217
0.1018	90.32728457022556
0.1019	90.44823112559051
0.10200000000000001	90.56955045062374
0.10210000000000001	90.69124425282203
0.1022	90.81331425087187
0.1023	90.93576217473444
0.1024	91.05858976573678
0.10250000000000001	91.18179877666384
0.10260000000000001	91.30539097185142
0.1027	91.4293681272785
0.1028	91.55373203066323
0.1029	91.67848448155699
0.10300000000000001	91.8036272914378
0.10310000000000001	91.92916228381227
0.1032	92.05509129431388
0.1033	92.18141617079716
0.1034	92.3081387734382
0.10350000000000001	92.43526097484
0.10360000000000001	92.56278466013431
0.1037	92.69071172707872
0.1038	92.81904408616698
0.1039	92.9477836607288
0.10400000000000001	93.07693238704135
0.1041	93.20649221442983
0.1042	93.33646510538367
0.1043	93.46685303565951
0.1044	93.59765799439413
0.10450000000000001	93.72888198421376
0.1046	93.86052702135213
0.1047	93.99259513575673
0.1048	94.12508837121257
0.10490000000000001	94.2580087854491
0.10500000000000001	94.39135845026023
0.1051	94.5251394516295
0.1052	94.65935388983941
0.1053	94.79400387960311
0.10540000000000001	94.92909155017576
0.10550000000000001	95.06461904548442
0.1056	95.20058852425144
0.1057	95.33700216012225
0.1058	95.47386214178643
0.10590000000000001	95.61117067311424
0.10600000000000001	95.74892997327863
0.1061	95.88714227689414
0.1062	96.02580983414245
0.1063	96.16493491091421
0.10640000000000001	96.30451978893463
0.10650000000000001	96.44456676590882
0.1066	96.58507815565474
0.1067	96.72605628824512
0.1068	96.86750351015041
0.10690000000000001	97.00942218437676
0.10700000000000001	97.15181469061113
0.1071	97.29468342537331
0.1072	97.43803080215183
0.1073	97.5818592515654
0.10740000000000001	97.72617122150076
0.1075	97.8709691772754
0.1076	98.01625560178282
0.1077	98.16203299565208
0.1078	98.3083038774063
0.10790000000000001	98.45507078361716
0.108	98.60233626906333
0.1081	98.7501029069025
0.1082	98.89837328882129
0.10830000000000001	99.04715002521344
0.10840000000000001	99.19643574533593
0.1085	99.34623309749021
0.1086	99.49654474918036
0.1087	99.64737338729567
0.10880000000000001	99.79872171828013
0.10890000000000001	99.95059246831134
0.109	100.10298838347997
0.1091	100.255912229962
0.1092	100.40936679421588
0.10930000000000001	100.56335488315453
0.10940000000000001	100.71787932433807
0.1095	100.87294296615943
0.1096	101.0285486780371
0.1097	101.18469935060435
0.10980000000000001	101.34139789591534
0.10990000000000001	101.49864724762243
0.11	101.65645036119572
0.1101	101.81481021411253
0.1102	101.97372980606517
0.11030000000000001	102.13321215916747
0.11040000000000001	102.29326031816176
0.1105	102.45387735063102
0.1106	102.61506634721218
0.1107	102.77683042180635
0.11080000000000001	102.93917271181124
0.1109	103.1020963783235
0.111	103.26560460637597
0.1111	103.42970060515408
0.11120000000000001	103.59438760823168
0.11130000000000001	103.75966887379589
0.1114	103.92554768488505
0.1115	104.09202734962112
0.1116	104.25911120145285
0.11170000000000001	104.42680259939111
0.11180000000000001	104.59510492826314
0.1119	104.76402159895076
0.112	104.93355604864752
0.1121	105.10371174110406
0.11220000000000001	105.27449216689402
0.11230000000000001	105.44590084366456
0.1124	105.61794131640413
0.1125	105.79061715770436
0.1126	105.96393196803531
0.11270000000000001	106.13788937600438
0.11280000000000001	106.3124930386445
0.1129	106.48774664168519
0.113	106.66365389983297
0.1131	106.84021855706264
0.11320000000000001	107.01744438689867
0.11330000000000001	107.19533519271073
0.1134	107.37389480800829
0.1135	107.55312709673989
0.1136	107.73303595359073
0.11370000000000001	107.91362530429815
0.11380000000000001	108.09489910595018
0.1139	108.27686134730769
0.114	108.45951604911966
0.11410000000000001	108.64286726444196
0.11420000000000001	108.82691907896198
0.1143	109.01167561133276
0.1144	109.19714101349994
0.1145	109.38331947104622
0.11460000000000001	109.5702152035243
0.11470000000000001	109.75783246480704
0.1148	109.94617554343856
0.1149	110.13524876298763
0.115	110.3250564824026
0.11510000000000001	110.51560309638215
0.11520000000000001	110.70689303573252
0.1153	110.89893076774969
0.1154	111.091720796591
0.1155	111.28526766365617
0.11560000000000001	111.47957594797867
0.11570000000000001	111.67465026661135
0.1158	111.87049527502664
0.1159	112.06711566751743
0.116	112.26451617759936
0.11610000000000001	112.46270157843233
0.11620000000000001	112.66167668322296
0.1163	112.86144634566101
0.1164	113.06201546033616
0.1165	113.26338896318046
0.11660000000000001	113.465571831898
0.11670000000000001	113.66856908641701
0.1168	113.87238578933606
0.1169	114.07702704637728
0.117	114.28249800685875
0.11710000000000001	114.48880386414955
0.11720000000000001	114.69594985615348
0.1173	114.90394126578262
0.1174	115.11278342144917
0.11750000000000001	115.32248169755643
0.11760000000000001	115.53304151499874
0.1177	115.7444683416633
0.1178	115.95676769295474
0.1179	116.16994513229548
0.11800000000000001	116.384006271676
0.11810000000000001	116.59895677216579
0.1182	116.81480234447362
0.1183	117.03154874947901
0.1184	117.2492017987986
0.11850000000000001	117.46776735534372
0.11860000000000001	117.6872513338958
0.1187	117.90765970167602
0.1188	118.12899847893966
0.1189	118.35127373956689
0.11900000000000001	118.57449161166612
0.11910000000000001	118.79865827817763
0.1192	119.02377997750722
0.1193	119.24986300413401
0.1194	119.47691370926094
0.11950000000000001	119.70493850145625
0.11960000000000001	119.93394384730112
0.1197	120.16393627205628
0.1198	120.39492236033955
0.1199	120.62690875679344
0.12000000000000001	120.85990216679157
0.12010000000000001	121.09390935712185
0.1202	121.32893715671753
0.1203	121.56499245735341
0.12040000000000001	121.80208221439537
0.12050000000000001	122.04021344753227
0.1206	122.27939324152868
0.1207	122.51962874698638
0.1208	122.76092718111849
0.12090000000000001	123.00329582852859
0.12100000000000001	123.24674204201182
0.1211	123.49127324335963
0.1212	123.73689692416983
0.1213	123.98362064669186
0.12140000000000001	124.23145204465028
0.12150000000000001	124.48039882411545
0.1216	124.73046876435508
0.1217	124.9816697187276
0.1218	125.23400961555848
0.12190000000000001	125.48749645906128
0.12200000000000001	125.74213833023894
0.1221	125.99794338782996
0.1222	126.25491986924484
0.1223	126.51307609153245
0.12240000000000001	126.77242045234205
0.12250000000000001	127.03296143092682
0.1226	127.29470758913143
0.1227	127.55766757242392
0.1228	127.82185011091222
0.12290000000000001	128.087264020415
0.12300000000000001	128.35391820350176
0.1231	128.62182165058985
0.1232	128.8909834410346
0.1233	129.16141274424686
0.12340000000000001	129.4331188208177
0.12350000000000001	129.70611102367184
0.1236	129.98039879922547
0.1237	130.25599168857937
0.12380000000000001	130.53289932871243
0.12390000000000001	130.8111314537044
0.124	131.09069789597123
0.1241	131.37160858753222
0.1242	131.65387356127323
0.12430000000000001	131.93750295225914
0.12440000000000001	132.22250699903975
0.1245	132.508896044995
0.1246	132.79668053969047
0.1247	133.08587104026148
0.12480000000000001	133.37647821281308
0.12490000000000001	133.66851283384617
0.125	133.96198579170743
0.12510000000000002	134.25690808805214
0.1252	134.55329083934845
0.1253	134.85114527838613
0.1254	135.15048275583126
0.1255	135.45131474177595
0.12560000000000002	135.75365282735055
0.1257	136.05750872632387
0.1258	136.3628942767651
0.1259	136.66982144269878
0.126	136.9783023158213
0.12610000000000002	137.28834911720904
0.1262	137.59997419909132
0.1263	137.91319004661779
0.1264	138.22800927968873
0.1265	138.5444446547881
0.12660000000000002	138.86250906685927
0.1267	139.18221555121156
0.1268	139.50357728545984
0.1269	139.82660759149113
0.127	140.15131993747514
0.12710000000000002	140.47772793988557
0.1272	140.80584536559178
0.1273	141.1356861339496
0.1274	141.46726431895053
0.1275	141.80059415140477
0.12760000000000002	142.1356900211468
0.1277	142.47256647929646
0.1278	142.81123824055962
0.1279	143.15172018553957
0.128	143.4940273631392
0.12810000000000002	143.83817499294992
0.1282	144.184178467724
0.1283	144.53205335586915
0.12840000000000001	144.8818154039927
0.1285	145.233480539485
0.12860000000000002	145.5870648731685
0.1287	145.9425847019573
0.1288	146.30005651160585
0.12890000000000001	146.65949697946797
0.129	147.02092297733728
0.1291	147.38435157431869
0.1292	147.74980003975514
0.1293	148.11728584621548
0.12940000000000002	148.48682667252115
0.1295	148.8584404068498
0.1296	149.23214514986864
0.1297	149.60795921795201
0.1298	149.98590114643164
0.12990000000000002	150.3659896929319
0.13	150.74824384074867
0.1301	151.1326828022937
0.1302	151.51932602261382
0.1303	151.90819318296312
0.13040000000000002	152.29930420444262
0.1305	152.6926792517209
0.1306	153.0883387368082
0.1307	153.4863033229153
0.1308	153.8865939283719
0.13090000000000002	154.28923173063336
0.131	154.69423817035687
0.1311	155.101634955555
0.1312	155.5114440658289
0.1313	155.92368775668373
0.13140000000000002	156.33838856393106
0.1315	156.7555693081728
0.1316	157.175253099364
0.1317	157.5974633414943
0.1318	158.02222373731462
0.13190000000000002	158.44955829320264
0.132	158.87949132408937
0.1321	159.31204745851272
0.1322	159.74725164373885
0.1323	160.185129151018
0.13240000000000002	160.62570558092082
0.1325	161.06900686879754
0.1326	161.51505929033266
0.1327	161.96388946723448
0.1328	162.41552437300336
0.13290000000000002	162.86999133886025
0.133	163.327318059765
0.1331	163.78753260056328
0.1332	164.25066340228017
0.1333	164.71673928851195
0.13340000000000002	165.18578947197926
0.1335	165.6578435611914
0.1336	166.13293156727278
0.1337	166.6110839109165
0.1338	167.092331429486
0.13390000000000002	167.57670538427448
0.134	168.06423746791123
0.1341	168.55495981192198
0.1342	169.0489049944673
0.1343	169.54610604821852
0.13440000000000002	170.04659646843064
0.1345	170.55041022117382
0.1346	171.0575817517464
0.13470000000000001	171.5681459932736
0.1348	172.0821383754888
0.13490000000000002	172.59959483370335
0.135	173.12055181799775
0.1351	173.64504630257437
0.13520000000000001	174.17311579536204
0.1353	174.70479834779272
0.13540000000000002	175.24013256483244
0.1355	175.77915761520933
0.1356	176.32191324189182
0.13570000000000002	176.86843977278573
0.1358	177.41877813169455
0.1359	177.97296984949978
0.136	178.53105707563608
0.1361	179.09308258978854
0.13620000000000002	179.65908981389407
0.1363	180.22912282439233
0.1364	180.80322636478772
0.1365	181.3814458584746
0.1366	181.96382742189363
0.13670000000000002	182.55041787797654
0.1368	183.14126476990975
0.1369	183.73641637523707
0.137	184.33592172028398
0.1371	184.93983059493624
0.13720000000000002	185.548193567767
0.1373	186.16106200153328
0.1374	186.77848806903617
0.1375	187.40052476939726
0.1376	188.02722594468085
0.13770000000000002	188.65864629698316
0.1378	189.2948414058885
0.1379	189.93586774640227
0.138	190.58178270728862
0.1381	191.23264460990058
0.13820000000000002	191.88851272745953
0.1383	192.54944730483197
0.1384	193.21550957878551
0.1385	193.886761798805
0.1386	194.5632672483759
0.13870000000000002	195.24509026687141
0.1388	195.9322962719583
0.1389	196.62495178262034
0.139	197.3231244427417
0.1391	198.0268830453391
0.13920000000000002	198.7362975573998
0.1393	199.45143914539995
0.1394	200.1723802014743
0.1395	200.89919437030386
0.1396	201.631956576695
0.13970000000000002	202.3707430539289
0.1398	203.1156313728392
0.1399	203.8667004717126
0.14	204.62403068698
0.1401	205.38770378475053
0.14020000000000002	206.15780299321483
0.1403	206.9344130359429
0.1404	207.71762016609844
0.1405	208.50751220162186
0.1406	209.30417856137086
0.14070000000000002	210.1077103023182
0.1408	210.91820015775562
0.1409	211.7357425766197
0.14100000000000001	212.56043376392512
0.1411	213.39237172235306
0.14120000000000002	214.23165629506065
0.1413	215.07838920970283
0.1414	215.9326741237611
0.14150000000000001	216.79461667119327
0.1416	217.66432451044398
0.14170000000000002	218.5419073738987
0.1418	219.42747711878872
0.1419	220.32114777963088
0.14200000000000002	221.22303562224306
0.1421	222.13325919937571
0.1422	223.05193940806905
0.1423	223.97919954871674
0.1424	224.91516538598572
0.14250000000000002	225.85996521159035
0.1426	226.81372990901968
0.1427	227.77659302029693
0.1428	228.74869081483212
0.1429	229.73016236041963
0.14300000000000002	230.72114959653993
0.1431	231.72179740995023
0.1432	232.73225371273938
0.1433	233.75266952287566
0.1434	234.78319904738612
0.14350000000000002	235.82399976824163
0.1436	236.8752325310653
0.1437	237.93706163677288
0.1438	239.0096549362576
0.1439	240.09318392822735
0.14400000000000002	241.18782386034604
0.1441	242.29375383377857
0.1442	243.41115691131765
0.1443	244.5402202291668
0.1444	245.68113511261654
0.14450000000000002	246.83409719569903
0.1446	247.99930654501216
0.1447	249.1769677879129
0.1448	250.36729024518368
0.1449	251.57048806845762
0.14500000000000002	252.78678038251363
0.1451	254.0163914327142
0.1452	255.25955073775563
0.1453	256.51649324799024
0.1454	257.78745950954584
0.14550000000000002	259.07269583449704
0.1456	260.37245447734165
0.1457	261.6869938181007
0.1458	263.01657855226057
0.1459	264.3614798879448
0.14600000000000002	265.72197575057356
0.1461	267.0983509953895
0.1462	268.49089762818164
0.1463	269.8999150346119
0.1464	271.32571021848315
0.14650000000000002	272.76859804946275
0.1466	274.228901520576
0.1467	275.7069520160429
0.1468	277.2030895898802
0.1469	278.71766325580523
0.14700000000000002	280.25103128897763
0.1471	281.8035615401607
0.1472	283.375631762905
0.14730000000000001	284.9676299543799
0.1474	286.579954710547
0.14750000000000002	288.21301559638624
0.1476	289.86723353190484
0.1477	291.54304119478536
0.14780000000000001	293.24088344043867
0.1479	294.9612177404486
0.14800000000000002	296.70451464027866
0.1481	298.47125823729056
0.1482	300.26194668012926
0.14830000000000002	302.0770926906458
0.1484	303.91722410943925
0.14850000000000002	305.78288446648156
0.1486	307.6746335780004
0.1487	309.59304817119
0.14880000000000002	311.53872253820754
0.1489	313.51226922111124
0.149	315.51431972951065
0.1491	317.54552529269375
0.1492	319.60655764831256
0.14930000000000002	321.6981098696277
0.1494	323.8208972336196
0.1495	325.97565813232904
0.1496	328.16315502999436
0.1497	330.38417546870784
0.14980000000000002	332.63953312555594
0.1499	334.9300689242492
0.15	337.25665220476907
0.1501	339.62018195441493
0.1502	342.0215881042822
0.15030000000000002	344.46183289512163
0.1504	346.9419123171128
0.1505	349.4628576282781
0.1506	352.02573695657424
0.1507	354.6316569912454
0.15080000000000002	357.2817647692805
0.1509	359.9772495633229
0.151	362.71934487793084
0.1511	365.50933056155355
0.1512	368.34853504217136
0.15130000000000002	371.238337695288
0.1514	374.1801713535127
0.1515	377.1755249678245
0.1516	380.22594643149233
0.1517	383.3330455783328
0.15180000000000002	386.4984973683169
0.1519	389.72404527424135
0.152	393.011504884776
0.1521	396.36276774013885
0.1522	399.77980541848694
0.15230000000000002	403.2646738924036
0.1524	406.81951817678777
0.1525	410.44657729136463
0.1526	414.14818956320806
0.1527	417.92679829703894
0.15280000000000002	421.7849578436467
0.1529	425.7253400998582
0.153	429.75074147661365
0.1531	433.8640903752401
0.1532	438.06845521635904
0.15330000000000002	442.3670530699809
0.1534	446.7632589405614
0.1535	451.2606157664686
0.15360000000000001	455.86284519921975
0.1537	460.5738592354375
0.15380000000000002	465.3977727818874
0.1539	470.33891724299684
0.154	475.40185523048893
0.15410000000000001	480.5913965057662
0.1542	485.9126152785097
0.15430000000000002	491.3708689996949
0.1544	496.971818803242
0.1545	502.72145176966546
0.15460000000000002	508.6261052057028
0.1547	514.6924931589913
0.15480000000000002	520.9277354138226
0.1549	527.3393892465399
0.155	533.9354842549416
0.15510000000000002	540.7245606189346
0.1552	547.7157111975981
0.1553	554.9186279243355
0.1554	562.3436530268561
0.1555	570.0018356745792
0.15560000000000002	577.9049947442577
0.1557	586.0657884981096
0.1558	594.4977920897354
0.1559	603.2155839559169
0.156	612.2348423200438
0.15610000000000002	621.5724532326855
0.1562	631.2466318107806
0.1563	641.2770586193038
0.1564	651.6850334762887
0.1565	662.4936493679775
0.15660000000000002	673.7279896489478
0.1567	685.4153522950846
0.1568	697.5855056967633
0.1569	710.2709813605371
0.157	723.5074099691182
0.15710000000000002	737.333908583439
0.1572	751.7935284285087
0.1573	766.9337747719842
0.1574	782.8072130004225
0.1575	799.472178280008
0.15760000000000002	816.9936103605613
0.1577	835.4440404275736
0.1578	854.9047638062801
0.1579	875.4672412962503
0.158	897.2347836908377
0.15810000000000002	920.3245896247611
0.1582	944.8702277336703
0.1583	971.0246822587449
0.1584	998.9641196834119
0.1585	1028.8925871448373
0.15860000000000002	1061.0479278259381
0.1587	1095.709304307601
0.1588	1133.2068734698305
0.1589	1173.9343804401833
0.159	1218.3657737793326
0.15910000000000002	1267.0774547001404
0.1592	1320.7785700420673
0.1593	1380.3530344848766
0.15940000000000001	1446.9190690006062
0.1595	1521.9156182749807
0.15960000000000002	1607.2313237065327
0.1597	1705.403365822696
0.1598	1819.9360435752262
0.15990000000000001	1955.835359151786
0.16	2120.5585117485552
0.16010000000000002	2325.8255861257894
0.1602	2591.415307668474
0.1603	2954.205465880688
0.16040000000000001	3494.1894708102127
0.1605	4437.425148238921
0.16060000000000002	7022.459544421933
0.1607	72863.94568892228
0.1608	214500.15458247197