0.	125.80374039666786
0.0001	125.71662934905154
0.0002	125.62956704034329
0.00030000000000000003	125.54255370225302
0.0004	125.4555896120698
0.0005	125.3686750610555
0.0006000000000000001	125.28181038897954
0.0007	125.194995950676
0.0008	125.10823215783107
0.0009000000000000001	125.0215194365333
0.001	124.93485825834256
0.0011	124.84824912291785
0.0012000000000000001	124.76169257298704
0.0013000000000000002	124.67518918234256
0.0014	124.58873956182535
0.0015	124.50234436353085
0.0016	124.41600427780499
0.0017000000000000001	124.3297200266025
0.0018000000000000002	124.24349238578954
0.0019	124.15732215317544
0.002	124.07121018169327
0.0021000000000000003	123.98515735645633
0.0022	123.89916460985833
0.0023	123.81323291673961
0.0024000000000000002	123.7273632895252
0.0025	123.64155678972897
0.0026000000000000003	123.55581452310157
0.0027	123.47013763657408
0.0028	123.38452732431043
0.0029000000000000002	123.29898482099227
0.003	123.21351142614985
0.0031000000000000003	123.12810846272204
0.0032	123.04277731782541
0.0033	122.9575194158942
0.0034000000000000002	122.87233624120559
0.0035	122.78722932379114
0.0036000000000000003	122.70220023629705
0.0037	122.61725060735816
0.0038	122.53238211846786
0.0039000000000000003	122.44759650082283
0.004	122.36289553950708
0.0041	122.27828106662609
0.004200000000000001	122.19375497283526
0.0043	122.10931920229751
0.0044	122.02497574945043
0.0045000000000000005	121.940726663135
0.0046	121.85657405257128
0.0047	121.77252007299762
0.0048000000000000004	121.68856694824497
0.0049	121.60471694523991
0.005	121.5209723984112
0.0051	121.43733568597438
0.005200000000000001	121.35380925432828
0.0053	121.27039560540413
0.0054	121.18709729323365
0.0055000000000000005	121.10391693348296
0.0056	121.02085720556043
0.0057	120.93792083611713
0.0058000000000000005	120.8551106215291
0.0059	120.7724294020426
0.006	120.68988009538653
0.0061	120.60746566527092
0.006200000000000001	120.52518913448571
0.0063	120.44305359800578
0.0064	120.36106218762104
0.006500000000000001	120.27921812411768
0.0066	120.1975246557278
0.0067	120.11598511213974
0.0068000000000000005	120.03460286896481
0.006900000000000001	119.95338137186998
0.007	119.87232411961847
0.0071	119.79143466760286
0.007200000000000001	119.71071662948185
0.0073	119.63017368252606
0.0074	119.5498095542282
0.007500000000000001	119.46962803692614
0.0076	119.38963297246282
0.0077	119.30982826487109
0.0078000000000000005	119.23021787243957
0.0079	119.15080581096869
0.008	119.07159614575052
0.0081	118.99259300599152
0.0082	118.91380055984709
0.0083	118.83522304751295
0.008400000000000001	118.75686474680359
0.0085	118.67872999679902
0.0086	118.60082318020669
0.008700000000000001	118.52314873568746
0.0088	118.44571114951134
0.0089	118.36851496030665
0.009000000000000001	118.29156474124551
0.0091	118.21486513287124
0.0092	118.13842079892522
0.009300000000000001	118.06223647036634
0.0094	117.98631689735538
0.0095	117.91066689884427
0.009600000000000001	117.83529131635461
0.0097	117.76019503720494
0.0098	117.6853829876539
0.0099	117.61086012788492
0.01	117.5366314657444
0.010100000000000001	117.46270203286954
0.0102	117.38907689460044
0.0103	117.31576115986627
0.010400000000000001	117.24275995533225
0.0105	117.17007844837896
0.0106	117.09772182118843
0.010700000000000001	117.0256952936692
0.0108	116.9540041068851
0.0109	116.88265352525364
0.011000000000000001	116.81164883684139
0.0111	116.74099534799778
0.0112	116.67069837608669
0.011300000000000001	116.60076327039668
0.0114	116.53119538415685
0.0115	116.46200009165236
0.011600000000000001	116.3931827733663
0.0117	116.32474882742767
0.0118	116.25670363780598
0.0119	116.18905262897849
0.012	116.12180120778456
0.012100000000000001	116.05495479739682
0.0122	115.98851879984213
0.0123	115.9224986356046
0.012400000000000001	115.85689972682395
0.0125	115.79172748425125
0.0126	115.72698730924807
0.012700000000000001	115.66268459202811
0.0128	115.59882473247121
0.0129	115.53541310828966
0.013000000000000001	115.47245507704989
0.0131	115.40995599325117
0.0132	115.3479211953277
0.013300000000000001	115.28635599265709
0.0134	115.22526569020928
0.0135	115.16465555677422
0.013600000000000001	115.1045308458854
0.0137	115.04489679795363
0.013800000000000002	114.98575860101461
0.013900000000000001	114.92712144560183
0.014	114.86899046671424
0.014100000000000001	114.811370787454
0.0142	114.75426748362437
0.0143	114.69768560860678
0.014400000000000001	114.6416301768408
0.0145	114.58610616616508
0.0146	114.53111852019416
0.014700000000000001	114.47667213187599
0.0148	114.42277186101336
0.0149	114.36942253675694
0.015000000000000001	114.31662892616318
0.0151	114.26439575560285
0.0152	114.21272771147433
0.015300000000000001	114.16162943528761
0.0154	114.1111055149996
0.0155	114.06116049150118
0.015600000000000001	114.0117988556998
0.015700000000000002	113.96302505131925
0.0158	113.91484345880606
0.0159	113.86725841713826
0.016	113.8202742078179
0.0161	113.77389506542146
0.0162	113.72812514266145
0.016300000000000002	113.6829685665624
0.0164	113.63842939983039
0.0165	113.59451164778207
0.0166	113.55121923868371
0.0167	113.50855606502866
0.016800000000000002	113.46652595257117
0.016900000000000002	113.42513266743744
0.017	113.38437991949094
0.0171	113.34427134280963
0.0172	113.30481053735143
0.0173	113.26600101126093
0.017400000000000002	113.22784624179751
0.0175	113.19034962146694
0.0176	113.15351448458767
0.0177	113.11734411097036
0.0178	113.0818417142491
0.0179	113.04701044560065
0.018000000000000002	113.012853393661
0.0181	112.97937358447574
0.0182	112.94657398923088
0.0183	112.91445748940973
0.0184	112.88302693880168
0.018500000000000003	112.85228510936217
0.018600000000000002	112.82223472234791
0.0187	112.79287841341622
0.0188	112.76421877168863
0.0189	112.73625834397734
0.019	112.70899958417449
0.019100000000000002	112.68244489251322
0.019200000000000002	112.65659661589329
0.0193	112.63145703640265
0.0194	112.6070283755361
0.0195	112.58331279847823
0.0196	112.5603124025842
0.019700000000000002	112.53802921765889
0.0198	112.5164652500776
0.0199	112.4956224076955
0.02	112.47550256385912
0.0201	112.45610751396951
0.020200000000000003	112.43743902796214
0.020300000000000002	112.41949877858359
0.0204	112.40228840601903
0.0205	112.38580950245426
0.0206	112.37006358017042
0.0207	112.35505211651673
0.020800000000000003	112.3407765097557
0.020900000000000002	112.32723814475027
0.0211	112.30237827305129
0.0212	112.29105922503055
0.0213	112.28048230843997
0.021400000000000002	112.27064863712258
0.021500000000000002	112.26155924072442
0.0216	112.2532151316217
0.0217	112.24561724303847
0.0218	112.23876647541209
0.0219	112.23266368029734
0.022000000000000002	112.2273096481766
0.0221	112.22270513854235
0.0222	112.21885084655717
0.0223	112.21574742897765
0.0224	112.21339550912168
0.022500000000000003	112.21179563443545
0.022600000000000002	112.21094834145082
0.0227	112.21085409601461
0.0228	112.21151332385803
0.0229	112.2129264111618
0.023	112.21509371393302
0.023100000000000002	112.21801552334848
0.023200000000000002	112.22169208797149
0.0233	112.22612363651633
0.0234	112.23131033842208
0.0235	112.23725233542339
0.0236	112.24394969702519
0.023700000000000002	112.2514024974793
0.0238	112.25961073044535
0.0239	112.26857438645524
0.024	112.27829338497766
0.0241	112.28876762500401
0.024200000000000003	112.29999696722626
0.024300000000000002	112.31198121565181
0.0244	112.32472016925657
0.0245	112.3382135568954
0.0246	112.35246108909975
0.0247	112.36746243974419
0.024800000000000003	112.38321723190761
0.024900000000000002	112.39972506194775
0.025	112.41698550003669
0.0251	112.4349980760132
0.0252	112.45376226226017
0.0253	112.47327751291171
0.025400000000000002	112.4935432595928
0.025500000000000002	112.5145588919567
0.0256	112.53632374000505
0.0257	112.55883712933213
0.0258	112.58209833626346
0.025900000000000003	112.60610662867323
0.026000000000000002	112.63086118933492
0.0261	112.65636121857519
0.0262	112.68260586268104
0.0263	112.70959422917616
0.0264	112.73732538674622
0.026500000000000003	112.76579840262626
0.026600000000000002	112.79501227910163
0.0267	112.82496598504473
0.0268	112.85565847784672
0.0269	112.88708868222189
0.027	112.91925546807148
0.027100000000000003	112.9521576776672
0.027200000000000002	112.98579413715028
0.0273	113.02016361744931
0.0274	113.05526486776301
0.0275	113.09109661600033
0.027600000000000003	113.12765754598675
0.027700000000000002	113.16494630286942
0.027800000000000002	113.20296148695681
0.0279	113.24170171276212
0.028	113.28116553286182
0.0281	113.32135144270346
0.028200000000000003	113.36225794061565
0.028300000000000002	113.40388348002041
0.0284	113.44622648751397
0.0285	113.48928533174893
0.0286	113.53305839183884
0.0287	113.57754397631038
0.028800000000000003	113.62274035998132
0.028900000000000002	113.66864581636378
0.029	113.71525856662177
0.0291	113.762576791859
0.0292	113.8105986394217
0.029300000000000003	113.85932222282011
0.029400000000000003	113.90874566251674
0.029500000000000002	113.95886698467967
0.0296	114.00968422231209
0.0297	114.06119535407973
0.0298	114.11339831739065
0.029900000000000003	114.16629105090541
0.030000000000000002	114.21987143844449
0.030100000000000002	114.27413732246595
0.0302	114.32908650363483
0.0303	114.3847167776795
0.0304	114.44102591429515
0.030500000000000003	114.49801158894572
0.030600000000000002	114.55567149514816
0.0307	114.61400327722234
0.0308	114.67300455307816
0.0309	114.73267288278421
0.031	114.79300580751868
0.031100000000000003	114.85400085861582
0.031200000000000002	114.9156554930466
0.0313	114.97796713279702
0.031400000000000004	115.04093320706818
0.0315	115.10455108647604
0.0316	115.16881809891588
0.0317	115.23373153785646
0.0318	115.29928868011588
0.031900000000000005	115.36548674219151
0.032	115.43232297859232
0.032100000000000004	115.49979450259306
0.0322	115.56789847504542
0.0323	115.63663196827042
0.0324	115.70599208685921
0.0325	115.77597584627836
0.032600000000000004	115.84658022818387
0.0327	115.91780224024741
0.0328	115.98963877922307
0.0329	116.0620867893055
0.033	116.13514311247532
0.033100000000000004	116.20880459941264
0.0332	116.28306808068751
0.0333	116.35793027053927
0.0334	116.43338799137165
0.0335	116.50943791715879
0.033600000000000005	116.58607675704465
0.0337	116.66330114596069
0.033800000000000004	116.74110771146756
0.0339	116.81949307585474
0.034	116.89845379837911
0.0341	116.97798644612524
0.0342	117.05808748585017
0.034300000000000004	117.13875342960674
0.0344	117.21998073884528
0.0345	117.30176584892799
0.0346	117.38410518287408
0.0347	117.46699508583004
0.034800000000000005	117.55043195778266
0.0349	117.63441213588966
0.035	117.71893191993539
0.0351	117.80398758609067
0.0352	117.88957541677362
0.035300000000000005	117.97569165912446
0.0354	118.062332524377
0.035500000000000004	118.14949426449648
0.0356	118.23717302096233
0.0357	118.3253650095267
0.0358	118.41406630068946
0.0359	118.5032730917843
0.036000000000000004	118.59298148370544
0.0361	118.68318759515604
0.0362	118.77388749594186
0.0363	118.86507720420093
0.0364	118.95675288661405
0.036500000000000005	119.04891051786393
0.0366	119.1415461704825
0.0367	119.23465583067716
0.0368	119.32823551163112
0.0369	119.42228129990652
0.037000000000000005	119.51678909146537
0.0371	119.61175491660579
0.037200000000000004	119.70717473674628
0.0373	119.80304459633871
0.0374	119.89936040241284
0.0375	119.99611814684103
0.0376	120.09331382103773
0.037700000000000004	120.19094336692066
0.0378	120.28900272291973
0.0379	120.38748785110705
0.038	120.48639476877612
0.0381	120.58571944504529
0.038200000000000005	120.6854578087065
0.0383	120.78560581702263
0.038400000000000004	120.88615950662826
0.0385	120.98711483223657
0.0386	121.08846776759553
0.038700000000000005	121.19021437619185
0.0388	121.29235051168557
0.038900000000000004	121.3948723593452
0.039	121.49777587689944
0.0391	121.60105708131377
0.0392	121.70471203900365
0.0393	121.8087367690515
0.039400000000000004	121.91312753861456
0.0395	122.01788015931196
0.0396	122.12299091032199
0.0397	122.22845586963555
0.0398	122.33427109765422
0.039900000000000005	122.44043290525663
0.04	122.54693733549114
0.040100000000000004	122.65378069749549
0.0402	122.76095921780654
0.0403	122.86846890511643
0.040400000000000005	122.97630628163192
0.0405	123.0844675333355
0.040600000000000004	123.19294896755241
0.0407	123.30174682483704
0.0408	123.41085748847384
0.0409	123.52027759540414
0.041	123.63000337507054
0.041100000000000005	123.74003120158235
0.0412	123.85035759575469
0.0413	123.96097888104035
0.0414	124.07189190138166
0.0415	124.18309269830233
0.041600000000000005	124.29457880750348
0.0417	124.40634561703432
0.041800000000000004	124.51839066636477
0.0419	124.63071022090091
0.042	124.74267276904479
0.042100000000000005	124.85616206194098
0.0422	124.9692856476139
0.042300000000000004	125.0826712759049
0.0424	125.19631615542383
0.0425	125.31021574124779
0.0426	125.42436751349604
0.0427	125.53876893866781
0.042800000000000005	125.65341671410667
0.0429	125.76830777250439
0.043000000000000003	125.88343880235203
0.0431	125.99880770499746
0.0432	126.11441114739286
0.043300000000000005	126.2302465179584
0.0434	126.34631058780406
0.043500000000000004	126.46260101086732
0.0436	126.57911505982862
0.0437	126.69584986006386
0.0438	126.81280298057699
0.0439	126.92997174941942
0.044000000000000004	127.04735358212493
0.0441	127.16494612676604
0.0442	127.2827465360893
0.0443	127.4007528656285
0.0444	127.51896233640082
0.044500000000000005	127.63737282343102
0.0446	127.75598187703264
0.044700000000000004	127.87478722971615
0.0448	127.99378679617023
0.0449	128.11297825861973
0.045000000000000005	128.23235951127677
0.0451	128.35192833106518
0.045200000000000004	128.47168282130733
0.0453	128.59162086005455
0.0454	128.71174043469713
0.0455	128.83203957453787
0.0456	128.95251640709424
0.045700000000000005	129.07316907704907
0.0458	129.1939957668644
0.0459	129.3149946441741
0.046	129.4361639193219
0.0461	129.55750192873285
0.046200000000000005	129.67900696108782
0.0463	129.80067739496033
0.046400000000000004	129.9225116303526
0.0465	130.0445081056753
0.0466	130.16666534295794
0.046700000000000005	130.28898170571188
0.0468	130.41145599997807
0.046900000000000004	130.53408657864517
0.047	130.65687218613738
0.0471	130.77981138859667
0.0472	130.9029029857006
0.0473	131.02614576700975
0.047400000000000005	131.1495383317944
0.0475	131.27307961073993
0.0476	131.39676844818632
0.0477	131.5206036989559
0.0478	131.64458426693417
0.047900000000000005	131.76870905513948
0.048	131.89297720737403
0.048100000000000004	132.01738757408373
0.0482	132.14193932831392
0.0483	132.26663149804688
0.048400000000000006	132.39146320434955
0.0485	132.5164336346986
0.048600000000000004	132.64154190827162
0.0487	132.766787332233
0.0488	132.89216909090217
0.0489	133.01768650954563
0.049	133.14333886929907
0.049100000000000005	133.26912549415724
0.0492	133.3950458112199
0.049300000000000004	133.5210992046959
0.0494	133.64728516953937
0.0495	133.7736030203297
0.049600000000000005	133.900052371059
0.0497	134.02663273382322
0.049800000000000004	134.15334364018014
0.0499	134.28018463184625
0.05	134.40715538270356
0.050100000000000006	134.534255489669
0.0502	134.66148464238555
0.050300000000000004	134.78884251089238
0.0504	134.91632878346803
0.0505	135.04394324208866
0.0506	135.17168563138878
0.0507	135.29955576577012
0.050800000000000005	135.42755344508686
0.0509	135.55567852444838
0.051000000000000004	135.68393083636883
0.0511	135.81231033916254
0.0512	135.94081686714995
0.051300000000000005	136.06945040837908
0.0514	136.1982109191545
0.051500000000000004	136.32709836652677
0.0516	136.45611274049392
0.0517	136.58525412112547
0.051800000000000006	136.71452254152788
0.0519	136.84391805286498
0.052000000000000005	136.97344073191624
0.0521	137.1030907381353
0.0522	137.23286817377013
0.0523	137.36277322262652
0.0524	137.49280598623434
0.052500000000000005	137.62296674771028
0.0526	137.7532556553907
0.052700000000000004	137.8836729699713
0.0528	138.01421892629037
0.0529	138.1448938247998
0.053000000000000005	138.27569790791787
0.0531	138.4066314903475
0.053200000000000004	138.5376949074538
0.0533	138.66888849738055
0.0534	138.80021260129215
0.053500000000000006	138.9316675877288
0.0536	139.06325385879802
0.053700000000000005	139.19497183910352
0.0538	139.32682191112852
0.0539	139.45880453764815
0.054	139.5909201161002
0.0541	139.72316917946299
0.054200000000000005	139.85555218174673
0.0543	139.9880696183272
0.054400000000000004	140.12072198591895
0.0545	140.2535098213988
0.0546	140.38643370072083
0.054700000000000006	140.51949409800613
0.0548	140.65269162903962
0.054900000000000004	140.7860268586647
0.055	140.91950036495047
0.0551	141.05311277615436
0.055200000000000006	141.18686468000934
0.0553	141.3207567506674
0.055400000000000005	141.4547895697212
0.0555	141.58896384090409
0.055600000000000004	141.72328017909564
0.0557	141.85773928349477
0.0558	141.9923418639518
0.055900000000000005	142.12708856987746
0.056	142.26198015662897
0.056100000000000004	142.3970172839677
0.0562	142.53220073963166
0.0563	142.66753123944514
0.056400000000000006	142.80300955581095
0.0565	142.93863637914592
0.056600000000000004	143.07441253611552
0.0567	143.21033881650436
0.0568	143.34641597431096
0.056900000000000006	143.48264480425507
0.057	143.6190261435548
0.057100000000000005	143.75556078792923
0.0572	143.892249564285
0.057300000000000004	144.02909330535266
0.0574	144.16609285232894
0.0575	144.30324904389911
0.057600000000000005	144.4405627594772
0.0577	144.5780348431787
0.057800000000000004	144.71566620079562
0.0579	144.85345766826967
0.058	144.9914101613726
0.058100000000000006	145.12952459495907
0.0582	145.26780183074453
0.058300000000000005	145.40624282177967
0.0584	145.54484845490543
0.0585	145.6836196554914
0.058600000000000006	145.82255736604068
0.0587	145.96166252540868
0.058800000000000005	146.1009361095932
0.0589	146.24037899938605
0.059000000000000004	146.37999222431688
0.0591	146.5197766986349
0.0592	146.65973343354005
0.059300000000000005	146.799863366149
0.0594	146.94016750953838
0.059500000000000004	147.08064684278708
0.0596	147.22130235097495
0.0597	147.36213504460025
0.059800000000000006	147.50314595905633
0.0599	147.64433605739487
0.060000000000000005	147.78570636676193
0.0601	147.92725791951003
0.060200000000000004	148.06899175311997
0.0603	148.21090890061623
0.0604	148.35301037175435
0.060500000000000005	148.49529722896952
0.0606	148.63777052997065
0.060700000000000004	148.78043131851882
0.0608	148.9232806526793
0.0609	149.06631959528497
0.061000000000000006	149.2095492138682
0.0611	149.3529705713934
0.061200000000000004	149.49658476302866
0.0613	149.6403928699013
0.0614	149.78439594122293
0.061500000000000006	149.9285951126534
0.0616	150.07299146935017
0.061700000000000005	150.217586091901
0.0618	150.36238008328564
0.061900000000000004	150.5073745684739
0.062	150.6525706496276
0.0621	150.79796943310436
0.062200000000000005	150.94357204703343
0.0623	151.0893796321536
0.062400000000000004	151.23539328911784
0.0625	151.38161415988588
0.0626	151.5280433662036
0.0627	151.67468206624002
0.06280000000000001	151.82153140007424
0.0629	151.96859248575612
0.063	152.11586650959765
0.0631	152.2633546098509
0.0632	152.41105793282867
0.06330000000000001	152.55897768571452
0.0634	152.70711495621353
0.0635	152.85547095852155
0.0636	153.00404686566011
0.0637	153.15284384153486
0.06380000000000001	153.30186306816995
0.0639	153.45110571847368
0.064	153.60057298948828
0.0641	153.75026606288367
0.06420000000000001	153.9001861278262
0.06430000000000001	154.0503343911139
0.0644	154.20071202594409
0.0645	154.3513202537881
0.0646	154.5021602565343
0.06470000000000001	154.653233280133
0.0648	154.80454050882386
0.0649	154.95608315041366
0.065	155.10786243193434
0.0651	155.25987958940507
0.06520000000000001	155.41213582004207
0.0653	155.56463236411096
0.0654	155.717370445055
0.0655	155.87035128947738
0.0656	156.02357614871306
0.06570000000000001	156.17704624371245
0.0658	156.33076283770208
0.0659	156.48472716169783
0.066	156.63894046542893
0.0661	156.79340400549916
0.06620000000000001	156.94811900871755
0.0663	157.1030867782342
0.0664	157.25830853156552
0.0665	157.41378555658068
0.0666	157.569519101978
0.06670000000000001	157.72551044814392
0.0668	157.88176089727065
0.0669	158.03827165983083
0.067	158.1950440535638
0.0671	158.35207933495082
0.06720000000000001	158.50937882926283
0.0673	158.66694379339935
0.0674	158.82477551366685
0.0675	158.98287529984287
0.06760000000000001	159.14124443122955
0.06770000000000001	159.2998842327862
0.0678	159.45879599172855
0.0679	159.61798099480117
0.068	159.77744056677062
0.06810000000000001	159.93717601701815
0.0682	160.09718867984998
0.0683	160.2574798379511
0.0684	160.4180508354004
0.0685	160.57890298117957
0.06860000000000001	160.7400376289505
0.0687	160.9014560633255
0.0688	161.06315965493667
0.0689	161.22514973425118
0.069	161.38742761888582
0.06910000000000001	161.54999466361465
0.0692	161.71285221915184
0.0693	161.8760016499506
0.0694	162.03944427231434
0.0695	162.20318145187886
0.06960000000000001	162.36721455914855
0.0697	162.5315449414666
0.0698	162.69617398451382
0.0699	162.8611030282257
0.07	163.02633346478436
0.07010000000000001	163.19186665477685
0.0702	163.3577039830105
0.0703	163.52384685137395
0.0704	163.69029660980448
0.07050000000000001	163.8570546531792
0.07060000000000001	164.0241223865602
0.0707	164.19150119093476
0.0708	164.35919247815144
0.0709	164.52719763615417
0.07100000000000001	164.69551809045373
0.0711	164.8641552156573
0.0712	165.03311046458077
0.0713	165.20238523249742
0.0714	165.37198093189494
0.07150000000000001	165.54189897891112
0.0716	165.71214082016002
0.0717	165.8827078923422
0.0718	166.05360161574845
0.0719	166.22482340781897
0.07200000000000001	166.39637474301634
0.0721	166.56825705948592
0.0722	166.74047178596942
0.0723	166.91302039476395
0.0724	167.0859043354737
0.07250000000000001	167.25912506817565
0.0726	167.4326840502612
0.0727	167.60658276270604
0.0728	167.780822670716
0.0729	167.95540525002457
0.07300000000000001	168.13033198035038
0.0731	168.30560434542772
0.0732	168.48122382656024
0.0733	168.65719192856548
0.0734	168.8335101473624
0.07350000000000001	169.01017996369976
0.0736	169.18720288834012
0.0737	169.36458044901306
0.0738	169.5423141583326
0.07390000000000001	169.72040550763808
0.07400000000000001	169.89885601825378
0.0741	170.07766724127055
0.0742	170.25684069385687
0.0743	170.43637791668058
0.07440000000000001	170.61628042317494
0.0745	170.79654978822694
0.0746	170.97718754688808
0.0747	171.1581952514123
0.0748	171.3395744586206
0.07490000000000001	171.52132672367466
0.075	171.703453618924
0.0751	171.8859567213472
0.0752	172.06883760013153
0.0753	172.25209783547655
0.07540000000000001	172.43573900616178
0.0755	172.6197627206133
0.0756	172.80417054870136
0.0757	172.98896410857964
0.0758	173.17414500472367
0.07590000000000001	173.35971483274872
0.076	173.54567520566394
0.0761	173.7320277568657
0.0762	173.9187741186319
0.0763	174.10591590084186
0.07640000000000001	174.2934547476485
0.0765	174.48139229314447
0.0766	174.66973019798795
0.0767	174.85847009012548
0.07680000000000001	175.04761364235978
0.07690000000000001	175.23716251311953
0.077	175.42711836326396
0.0771	175.61748287422498
0.0772	175.8082577133403
0.07730000000000001	175.99944458660264
0.07740000000000001	176.1910451500013
0.0775	176.38306111626466
0.0776	176.57549418875453
0.0777	176.7683460690911
0.07780000000000001	176.96161846768246
0.0779	177.15531310671955
0.078	177.34943170533103
0.0781	177.54397598266345
0.0782	177.73894769793029
0.07830000000000001	177.93434859109058
0.0784	178.13018038456985
0.0785	178.3264448453531
0.0786	178.52314374061677
0.0787	178.72027882901116
0.07880000000000001	178.9178518857487
0.0789	179.11586467768458
0.079	179.31431902195396
0.0791	179.51321667621272
0.0792	179.71255944266565
0.07930000000000001	179.91234914018168
0.0794	180.11258757375137
0.0795	180.31327655210063
0.0796	180.5144179124
0.07970000000000001	180.71601347240522
0.07980000000000001	180.9180650899434
0.0799	181.12057459202234
0.08	181.32354383278823
0.0801	181.52697466609635
0.08020000000000001	181.7308689614219
0.08030000000000001	181.93522860528867
0.0804	182.14005545969962
0.0805	182.3453514024763
0.0806	182.55111835154926
0.08070000000000001	182.75735820056897
0.08080000000000001	182.96407285480709
0.0809	183.1712642126792
0.081	183.37893422275397
0.0811	183.58708480545184
0.08120000000000001	183.7957178972872
0.0813	184.0048354423741
0.0814	184.2144394009691
0.0815	184.42453172970548
0.0816	184.63511439723914
0.08170000000000001	184.8461893730124
0.0818	185.05775866252986
0.0819	185.26982423698817
0.082	185.48238809815476
0.0821	185.69545225866565
0.08220000000000001	185.90901874347074
0.0823	186.1230895716946
0.0824	186.3376667735425
0.0825	186.55275239174108
0.0826	186.768348474611
0.08270000000000001	186.98445707753996
0.0828	187.2010802838999
0.0829	187.4182201439226
0.083	187.6358787540382
0.08310000000000001	187.85405821102097
0.08320000000000001	188.07276061348807
0.0833	188.2919880716788
0.0834	188.51174270198425
0.0835	188.73202663392428
0.08360000000000001	188.9528420033072
0.08370000000000001	189.17419095919107
0.0838	189.3960756515644
0.0839	189.61849825341983
0.084	189.84146093470247
0.08410000000000001	190.0649658720335
0.08420000000000001	190.28901527204974
0.0843	190.5136113372048
0.0844	190.7387562604546
0.0845	190.9644522867893
0.08460000000000001	191.19070161910057
0.0847	191.41750652465618
0.0848	191.64486925605465
0.0849	191.8727920650076
0.085	192.10127720518253
0.08510000000000001	192.3303269878754
0.0852	192.55994369385851
0.0853	192.79012962775516
0.0854	193.02088708697698
0.0855	193.25221840372723
0.08560000000000001	193.484125924733
0.0857	193.71661197224586
0.0858	193.94967890888142
0.0859	194.183329106636
0.08600000000000001	194.41756494563046
0.08610000000000001	194.65238878871375
0.0862	194.88780304467804
0.0863	195.1238101467506
0.0864	195.36041247902511
0.08650000000000001	195.59761249312263
0.08660000000000001	195.83541261853563
0.0867	196.07381533091598
0.0868	196.31282308801426
0.0869	196.55243835786814
0.08700000000000001	196.79266363353278
0.08710000000000001	197.03350141316614
0.0872	197.2749542147571
0.0873	197.51702457618092
0.0874	197.75971500353594
0.08750000000000001	198.00302806019434
0.0876	198.2469663110979
0.0877	198.4915323361218
0.0878	198.73672870636847
0.0879	198.98255802528195
0.08800000000000001	199.22902290227148
0.0881	199.47612595942468
0.0882	199.72386983423542
0.0883	199.97225718232215
0.0884	200.22129066435048
0.08850000000000001	200.4709729474773
0.0886	200.72130671466368
0.0887	200.97229468575574
0.0888	201.22393957685102
0.0889	201.4762440886732
0.08900000000000001	201.72921098139722
0.0891	201.98284301571428
0.0892	202.23714294775567
0.0893	202.49211357758878
0.08940000000000001	202.74775768525822
0.08950000000000001	203.0040780897031
0.0896	203.26107761097705
0.0897	203.51875909123873
0.0898	203.7771254013372
0.08990000000000001	204.03617937714606
0.09000000000000001	204.29592391991196
0.0901	204.55636193255137
0.0902	204.81749631980702
0.0903	205.07933000526177
0.09040000000000001	205.34186594569385
0.09050000000000001	205.60510708579784
0.0906	205.86905639851193
0.0907	206.1337168747421
0.0908	206.3990915299317
0.09090000000000001	206.6651833666864
0.091	206.93199542403983
0.0911	207.19953074912144
0.0912	207.46779243082307
0.0913	207.73678354056582
0.09140000000000001	208.0065071595666
0.0915	208.276966413728
0.0916	208.54816445309598
0.0917	208.8201044018274
0.0918	209.09278944451594
0.09190000000000001	209.3662227452998
0.092	209.64040751354105
0.0921	209.91534697309194
0.0922	210.19104434320423
0.09230000000000001	210.46750287843358
0.09240000000000001	210.7447258495145
0.0925	211.02271653709707
0.0926	211.30147825236494
0.0927	211.58101430773328
0.09280000000000001	211.86132805152454
0.09290000000000001	212.1424228437946
0.093	212.42430205010564
0.0931	212.706969057005
0.0932	212.9904272989329
0.09330000000000001	213.27468020094213
0.09340000000000001	213.55973120565955
0.0935	213.84558377725003
0.0936	214.1322414219156
0.0937	214.41970763838043
0.09380000000000001	214.70798595751174
0.09390000000000001	214.997079913211
0.094	215.28699308705646
0.0941	215.57772905760584
0.0942	215.86929142724878
0.09430000000000001	216.16168383630406
0.0944	216.45490991495393
0.0945	216.74897333669475
0.0946	217.04387779564178
0.0947	217.3396269940237
0.09480000000000001	217.63622466895046
0.0949	217.93367455585084
0.095	218.23198043927292
0.0951	218.5311461087412
0.0952	218.8311753677993
0.09530000000000001	219.13207208093553
0.0954	219.43384008653678
0.0955	219.73648326784328
0.0956	220.04000552405137
0.09570000000000001	220.3444107944648
0.09580000000000001	220.64970301450077
0.0959	220.95588615498946
0.096	221.262964212247
0.0961	221.57094120950953
0.09620000000000001	221.87982118073396
0.09630000000000001	222.18960819220223
0.0964	222.50030633136194
0.0965	222.8119197070157
0.0966	223.12445245579832
0.09670000000000001	223.43790873104209
0.09680000000000001	223.75229272937528
0.0969	224.06760865444093
0.097	224.38386073219087
0.0971	224.70105323745864
0.09720000000000001	225.01919042757336
0.09730000000000001	225.33827664429475
0.0974	225.65831620224097
0.0975	225.97931346945654
0.0976	226.30127281238913
0.09770000000000001	226.62419867136967
0.0978	226.9480954805224
0.0979	227.27296768806698
0.098	227.59881979789782
0.0981	227.92565632841766
0.09820000000000001	228.25348183907045
0.0983	228.5823008942249
0.0984	228.91211807844104
0.0985	229.24293805303049
0.09860000000000001	229.5747654498432
0.09870000000000001	229.90760497290862
0.0988	230.24146132730445
0.0989	230.57633926444427
0.099	230.91224355352503
0.09910000000000001	231.24917900052654
0.09920000000000001	231.58715042468353
0.0993	231.9261627024904
0.0994	232.26622071792008
0.0995	232.60732939392594
0.09960000000000001	232.94949367643449
0.09970000000000001	233.29271856083386
0.0998	233.63700905098216
0.0999	233.98237020444174
0.1	234.3288070840071
0.10010000000000001	234.67632479668848
0.10020000000000001	235.02492849521127
0.1003	235.37462335204773
0.1004	235.72541455469164
0.1005	236.077307350872
0.10060000000000001	236.43030701884902
0.10070000000000001	236.78441885145918
0.1008	237.13964820257317
0.1009	237.49600042620892
0.101	237.85348092798512
0.10110000000000001	238.2120951604042
0.1012	238.57184858819224
0.1013	238.93274673351064
0.1014	239.29479512757754
0.1015	239.65799934964159
0.10160000000000001	240.0223650285211
0.1017	240.38789781170863
0.1018	240.75460338563366
0.1019	241.12248747222162
0.10200000000000001	241.49155584791353
0.10210000000000001	241.86181429032675
0.1022	242.2332686621556
0.1023	242.60592483163978
0.1024	242.97978870407042
0.10250000000000001	243.35486622585356
0.10260000000000001	243.73116341602716
0.1027	244.10868628548724
0.1028	244.48744090718904
0.1029	244.86743338778228
0.10300000000000001	245.24866988666565
0.10310000000000001	245.63115659261797
0.1032	246.01489973287462
0.1033	246.3999055884524
0.1034	246.78618047078558
0.10350000000000001	247.173730740802
0.10360000000000001	247.56256278556197
0.1037	247.95268305731804
0.1038	248.3440980489159
0.1039	248.73681427417978
0.10400000000000001	249.13083830824
0.1041	249.52617677292795
0.1042	249.9228363321612
0.1043	250.32082368857576
0.1044	250.7201455976556
0.10450000000000001	251.120808844383
0.1046	251.5228202823705
0.1047	251.92618680427324
0.1048	252.33091535343956
0.10490000000000001	252.737012883054
0.10500000000000001	253.1444864528257
0.1051	253.55334314813976
0.1052	253.96359008046022
0.1053	254.3752344290298
0.10540000000000001	254.78828343005088
0.10550000000000001	255.20274435834818
0.1056	255.61862454156912
0.1057	256.03593135061027
0.1058	256.45467222636046
0.10590000000000001	256.8748546438402
0.10600000000000001	257.29648613895444
0.1061	257.719574292669
0.1062	258.14412675152846
0.1063	258.5701512093314
0.10640000000000001	258.99765539630886
0.10650000000000001	259.4266471360447
0.1066	259.8571342594164
0.1067	260.28912469540734
0.1068	260.7226264164114
0.10690000000000001	261.1576474336938
0.10700000000000001	261.5941958317965
0.1071	262.032279745195
0.1072	262.4719073826911
0.1073	262.91308698395
0.10740000000000001	263.355826866528
0.1075	263.800135405046
0.1076	264.24602103927884
0.1077	264.69349225834355
0.1078	265.1425576125683
0.10790000000000001	265.5932257392464
0.108	266.0455052876313
0.1081	266.49940502027425
0.1082	266.95493372793266
0.10830000000000001	267.4121003057854
0.10840000000000001	267.8709136682798
0.1085	268.3313828152929
0.1086	268.7935168226689
0.1087	269.25732482263203
0.10880000000000001	269.72281600438674
0.10890000000000001	270.1899996349503
0.109	270.6588850598007
0.1091	271.1294816731689
0.1092	271.6017989540849
0.10930000000000001	272.07584646199473
0.10940000000000001	272.5516337766316
0.1095	273.0291706151773
0.1096	273.5084667265674
0.1097	273.98953194282694
0.10980000000000001	274.47237616962843
0.10990000000000001	274.957009386989
0.11	275.44344164997534
0.1101	275.93168308433474
0.1102	276.42174390245884
0.11030000000000001	276.9136343990499
0.11040000000000001	277.4073649187839
0.1105	277.9029459155564
0.1106	278.4003878921685
0.1107	278.899701477479
0.11080000000000001	279.4008973329396
0.1109	279.90398622213905
0.111	280.408979001436
0.1111	280.9158865952437
0.11120000000000001	281.4247200121312
0.11130000000000001	281.9354903712082
0.1114	282.44820883139477
0.1115	282.9628866638009
0.1116	283.47953524751716
0.11170000000000001	283.9981660141622
0.11180000000000001	284.51879052043176
0.1119	285.0414203567335
0.112	285.5660672711094
0.1121	286.0927430624658
0.11220000000000001	286.6214596327565
0.11230000000000001	287.15222897764716
0.1124	287.68506318229987
0.1125	288.21997444804146
0.1126	288.7569750367141
0.11270000000000001	289.2960773385373
0.11280000000000001	289.8372938422325
0.1129	290.38063711020766
0.113	290.9261198207894
0.1131	291.47375476411344
0.11320000000000001	292.02355481733
0.11330000000000001	292.575532966287
0.1134	293.1297023014159
0.1135	293.6860760136146
0.1136	294.24466741604135
0.11370000000000001	294.80548990893953
0.11380000000000001	295.36855702998673
0.1139	295.9338823801819
0.114	296.5014797235823
0.11410000000000001	297.0713629053921
0.11420000000000001	297.64354589205516
0.1143	298.2180427594277
0.1144	298.79486771479833
0.1145	299.37403506684205
0.11460000000000001	299.95555924766273
0.11470000000000001	300.5394548035918
0.1148	301.12573641732865
0.1149	301.71441888309863
0.115	302.3055171078914
0.11510000000000001	302.89904612843463
0.11520000000000001	303.495021138743
0.1153	304.09345741284375
0.1154	304.69437037421505
0.1155	305.29777558146026
0.11560000000000001	305.9036887244434
0.11570000000000001	306.5121256191036
0.1158	307.12310220884245
0.1159	307.7366345791102
0.116	308.3527389641603
0.11610000000000001	308.97143172083395
0.11620000000000001	309.59272934584186
0.1163	310.21664849314266
0.1164	310.8432059437623
0.1165	311.4724186231725
0.11660000000000001	312.1043036293778
0.11670000000000001	312.7388781483441
0.1168	313.3761595895164
0.1169	314.01616546278996
0.117	314.6589134464755
0.11710000000000001	315.30442137172616
0.11720000000000001	315.95270721888903
0.1173	316.6037891418785
0.1174	317.25768545128494
0.11750000000000001	317.914414602758
0.11760000000000001	318.5739952080827
0.1177	319.2364460865097
0.1178	319.90178619171854
0.1179	320.57003463499086
0.11800000000000001	321.24121072464976
0.11810000000000001	321.9153339358289
0.1182	322.5924239016143
0.1183	323.2725004634182
0.1184	323.955583586829
0.11850000000000001	324.6416934713333
0.11860000000000001	325.33085046615565
0.1187	326.02307512626265
0.1188	326.71838817666236
0.1189	327.4168105361282
0.11900000000000001	328.1183633085307
0.11910000000000001	328.8230678067184
0.1192	329.5309455221928
0.1193	330.24201814904217
0.1194	330.9563075862437
0.11950000000000001	331.67383591272903
0.11960000000000001	332.3946254387504
0.1197	333.11869867013434
0.1198	333.84607833251914
0.1199	334.5767873355079
0.12000000000000001	335.3108488188643
0.12010000000000001	336.04828615373776
0.1202	336.7891228972028
0.1203	337.53338286343234
0.12040000000000001	338.28109004664344
0.12050000000000001	339.0322687269032
0.1206	339.7869433530756
0.1207	340.5451386446992
0.1208	341.30687955624063
0.12090000000000001	342.0721912522068
0.12100000000000001	342.84109915975176
0.1211	343.61362893838003
0.1212	344.3898065106129
0.1213	345.1696580316647
0.12140000000000001	345.953209914657
0.12150000000000001	346.74048882813287
0.1216	347.53152168799454
0.1217	348.3263357053347
0.1218	349.1249583282405
0.12190000000000001	349.92741727290456
0.12200000000000001	350.7337405156927
0.1221	351.54395634700734
0.1222	352.358093318647
0.1223	353.1761802415078
0.12240000000000001	353.99824622279385
0.12250000000000001	354.824320692237
0.1226	355.6544333210549
0.1227	356.48861410458767
0.1228	357.32689333782855
0.12290000000000001	358.16930159647507
0.12300000000000001	359.0158697903635
0.1231	359.866629140482
0.1232	360.72161116295337
0.1233	361.5808477043095
0.12340000000000001	362.4443709270469
0.12350000000000001	363.31221333660653
0.1236	364.1844077641701
0.1237	365.060987345038
0.12380000000000001	365.9419856175958
0.12390000000000001	366.827436405793
0.124	367.717373911112
0.1241	368.6118326711046
0.1242	369.5108476159002
0.12430000000000001	370.41445400943053
0.12440000000000001	371.3226874829535
0.1245	372.2355840282548
0.1246	373.1531800547955
0.1247	374.0755123367343
0.12480000000000001	375.0026180120191
0.12490000000000001	375.9345346238492
0.125	376.8713001435301
0.12510000000000002	377.81295289397985
0.1252	378.75953163392967
0.1253	379.71107555332134
0.1254	380.66762422602017
0.1255	381.6292176476127
0.12560000000000002	382.5958963001571
0.1257	383.56770102539895
0.1258	384.54467316631644
0.1259	385.52685450241955
0.126	386.5142872409256
0.12610000000000002	387.50701406442687
0.1262	388.5050781522233
0.1263	389.50852309745386
0.1264	390.5173930297413
0.1265	391.53173252647275
0.12660000000000002	392.5515866732282
0.1267	393.57700107377394
0.1268	394.60802181205656
0.1269	395.64469547113504
0.127	396.6870692127409
0.12710000000000002	397.7351906943697
0.1272	398.7891080855548
0.1273	399.84887013292285
0.1274	400.9145261317173
0.1275	401.98612593972246
0.12760000000000002	403.0637199486788
0.1277	404.1473591501785
0.1278	405.23709515945956
0.1279	406.33298010763326
0.128	407.43506676016705
0.12810000000000002	408.5434085197364
0.1282	409.65805936442166
0.1283	410.7790739273816
0.12840000000000001	411.90650746295665
0.1285	413.04041588686715
0.12860000000000002	414.1808557423814
0.1287	415.32788427506586
0.1288	416.48155939622126
0.12890000000000001	417.6419396615851
0.129	418.8090843625001
0.1291	419.98305349592925
0.1292	421.16390777502545
0.1293	422.351708617864
0.12940000000000002	423.5465181708072
0.1295	424.74839939221107
0.1296	425.95741593780366
0.1297	427.1736322667718
0.1298	428.39711358712185
0.12990000000000002	429.62792596284606
0.13	430.86613621508474
0.1301	432.1118119852113
0.1302	433.36502179234213
0.1303	434.6258349664672
0.13040000000000002	435.8943216869817
0.1305	437.1705530314254
0.1306	438.454600957114
0.1307	439.7465383149832
0.1308	441.04643887341985
0.13090000000000002	442.3543773262495
0.131	443.6704293171796
0.1311	444.99467144182523
0.1312	446.327181289083
0.1313	447.668037401218
0.13140000000000002	449.017319348478
0.1315	450.37510772248527
0.1316	451.7414841527526
0.1317	453.11653131689746
0.1318	454.5003329676664
0.13190000000000002	455.89297393055256
0.132	457.2945401979657
0.1321	458.70511880805265
0.1322	460.124797979322
0.1323	461.5536671232754
0.13240000000000002	462.99181677006146
0.1325	464.4393387051954
0.1326	465.8963258924635
0.1327	467.3628725885476
0.1328	468.8390742899782
0.13290000000000002	470.3250277474043
0.133	471.820831051663
0.1331	473.3265836325096
0.1332	474.842386247197
0.1333	476.36834102389565
0.13340000000000002	477.90455150588167
0.1335	479.4511226586089
0.1336	481.008160870148
0.1337	482.5757740313826
0.1338	484.15407152733087
0.13390000000000002	485.7431642215463
0.134	487.34316460433456
0.1341	488.95418666369557
0.1342	490.5763460523804
0.1343	492.2097600398153
0.13440000000000002	493.85454754096963
0.1345	495.5108291846779
0.1346	497.17872731948444
0.13470000000000001	498.8583660303997
0.1348	500.54987122729244
0.13490000000000002	502.25337059927693
0.135	503.96899369378207
0.1351	505.69687195404276
0.13520000000000001	507.43713874659466
0.1353	509.18992938943035
0.13540000000000002	510.9553811808272
0.1355	512.7336334397252
0.1356	514.524827590625
0.13570000000000002	516.3291071225186
0.1358	518.1466177082033
0.1359	519.9775071242309
0.136	521.8219254748262
0.1361	523.6800250622814
0.13620000000000002	525.5519605326538
0.1363	527.4378888796109
0.1364	529.3379694746491
0.1365	531.2523641801046
0.1366	533.1812372961499
0.13670000000000002	535.124755713393
0.1368	537.0830889067073
0.1369	539.0564089481397
0.137	541.0448906640537
0.1371	543.0487115791501
0.13720000000000002	545.0680520766858
0.1373	547.1030953443588
0.1374	549.1540274994692
0.1375	551.2210376398837
0.1376	553.304317884739
0.13770000000000002	555.4040634664714
0.1378	557.5204727745197
0.1379	559.6537473652602
0.138	561.8040921674237
0.1381	563.9717154062694
0.13820000000000002	566.1568287503686
0.1383	568.3596473395581
0.1384	570.5803899362655
0.1385	572.8192788781473
0.1386	575.0765402726627
0.13870000000000002	577.3524039806068
0.1388	579.6471037917554
0.1389	581.9608774158528
0.139	584.2939666188369
0.1391	586.6466172814825
0.13920000000000002	589.0190795529724
0.1393	591.4116078616457
0.1394	593.824460999989
0.1395	596.257902334719
0.1396	598.7121997752275
0.13970000000000002	601.1876259975877
0.1398	603.6844584089919
0.1399	606.2029793694932
0.14	608.7434762440175
0.1401	611.3062415481074
0.14020000000000002	613.8915730554801
0.1403	616.4997738832659
0.1404	619.1311525967051
0.1405	621.7860234949475
0.1406	624.4647065291962
0.14070000000000002	627.1675275616399
0.1408	629.8948184335582
0.1409	632.6469171821187
0.14100000000000001	635.4241681418223
0.1411	638.2269220490759
0.14120000000000002	641.0555362544732
0.1413	643.9103749145413
0.1414	646.7918090221216
0.14150000000000001	649.7002166849561
0.1416	652.6359832702348
0.14170000000000002	655.5995015801398
0.1418	658.591171970123
0.1419	661.6114026589103
0.14200000000000002	664.6606097864632
0.1421	667.7392177088848
0.1422	670.8476591386054
0.1423	673.9863754436712
0.1424	677.155816709048
0.14250000000000002	680.3564421215243
0.1426	683.5887200800165
0.1427	686.8531285133112
0.1428	690.1501550771465
0.1429	693.480297348319
0.14300000000000002	696.8440632592068
0.1431	700.2419711781731
0.1432	703.6745502579689
0.1433	707.1423407852121
0.1434	710.6458943310481
0.14350000000000002	714.1857741466102
0.1436	717.7625554649084
0.1437	721.3768258221994
0.1438	725.0291853994676
0.1439	728.7202472581016
0.14400000000000002	732.4506378578999
0.1441	736.2209973553065
0.1442	740.0319799316978
0.1443	743.8842542122487
0.1444	747.7785036887235
0.14450000000000002	751.7154271965179
0.1446	755.6957391458818
0.1447	759.7201701969628
0.1448	763.7894676112882
0.1449	767.9043956772599
0.14500000000000002	772.0657363354021
0.1451	776.2742895669398
0.1452	780.5308740039858
0.1453	784.8363274670959
0.1454	789.1915074173627
0.14550000000000002	793.5972917514274
0.1456	798.0545792115903
0.1457	802.564290109481
0.1458	807.1273670648942
0.1459	811.7447754705598
0.14600000000000002	816.417504342317
0.1461	821.1465670046375
0.1462	825.9330019439191
0.1463	830.7778734409802
0.1464	835.682272371716
0.14650000000000002	840.6473172379777
0.1466	845.6741549358354
0.1467	850.7639616101917
0.1468	855.9179436894682
0.1469	861.137338790161
0.14700000000000002	866.4234168513575
0.1471	871.777481084132
0.1472	877.2008691210032
0.14730000000000001	882.6949542112854
0.1474	888.261146289436
0.14750000000000002	893.9008933811945
0.1476	899.6156827711189
0.1477	905.4070423854545
0.14780000000000001	911.2765422920646
0.1479	917.2257959619046
0.14800000000000002	923.2564620326932
0.1481	929.3702456467578
0.1482	935.5689003377904
0.14830000000000002	941.8542297016745
0.1484	948.2280890283583
0.14850000000000002	954.6923874058954
0.1486	961.2490896015694
0.1487	967.9002181029538
0.14880000000000002	974.6478553140413
0.1489	981.4941456447664
0.149	988.4412980966432
0.1491	995.4915885233233
0.1492	1002.647362258244
0.14930000000000002	1009.9110368245873
0.1494	1017.2851047321493
0.1495	1024.7721363262235
0.1496	1032.3747830283382
0.1497	1040.0957804604884
0.14980000000000002	1047.9379519123563
0.1499	1055.9042116606847
0.15	1063.9975690908102
0.1501	1072.2211322664657
0.1502	1080.5781121863856
0.15030000000000002	1089.0718270848217
0.1504	1097.7057068793902
0.1505	1106.4832981500708
0.1506	1115.408268866972
0.1507	1124.484413849078
0.15080000000000002	1133.7156603771016
0.1509	1143.1060737625344
0.151	1152.6598637563297
0.1511	1162.381391091778
0.1512	1172.275174034325
0.15130000000000002	1182.3458958778515
0.1514	1192.5984124385539
0.1515	1203.0377602832782
0.1516	1213.6691649352013
0.1517	1224.4980501552905
0.15180000000000002	1235.5300474466167
0.1519	1246.7710059520396
0.152	1258.227003271698
0.1521	1269.904356718374
0.1522	1281.8096354420986
0.15230000000000002	1293.9496729726447
0.1524	1306.3315807454173
0.1525	1318.962762552936
0.1526	1331.8509297039586
0.1527	1345.0041173191555
0.15280000000000002	1358.4307014775118
0.1529	1372.1394176080933
0.153	1386.13938005138
0.1531	1400.4401030714253
0.1532	1415.051522945467
0.15330000000000002	1429.9840217375845
0.1534	1445.2484528246332
0.1535	1460.8561680035625
0.15360000000000001	1476.81904666513
0.1537	1493.149526730278
0.15380000000000002	1509.8606381653308
0.1539	1526.966038906953
0.154	1544.4800530742511
0.15410000000000001	1562.4177124907521
0.1542	1580.7948009753059
0.15430000000000002	1599.6279025035924
0.1544	1618.9344523163206
0.1545	1638.732792878145
0.15460000000000002	1659.0422338735304
0.1547	1679.883117114195
0.15480000000000002	1701.2768866293013
0.1549	1723.2461648339513
0.155	1745.8148350217377
0.15510000000000002	1769.0081307557539
0.1552	1792.85273321974
0.1553	1817.376877004388
0.1554	1842.6104653540117
0.1555	1868.5851959010913
0.15560000000000002	1895.3346980675972
0.1557	1922.8946830070602
0.1558	1951.303108247348
0.1559	1980.6003578518878
0.156	2010.829440500823
0.15610000000000002	2042.036207263946
0.1562	2074.2695915944632
0.1563	2107.581873871363
0.1564	2142.0289743665626
0.1565	2177.670776668764
0.15660000000000002	2214.57148734088
0.1567	2252.800035008569
0.1568	2292.4305148288986
0.1569	2333.54268411416
0.157	2376.2225167055976
0.15710000000000002	2420.562823716661
0.1572	2466.663950558612
0.1573	2514.6345610284825
0.1574	2564.5925222713954
0.1575	2616.6659052216787
0.15760000000000002	2670.994119001716
0.1577	2727.729200563303
0.1578	2787.037285297217
0.1579	2849.1002886730885
0.158	2914.1178355555653
0.15810000000000002	2982.3094803135527
0.1582	3053.917271061899
0.1583	3129.2087219820924
0.1584	3208.4802710164813
0.1585	3292.061319351244
0.15860000000000002	3380.3189694192633
0.1587	3473.6636081392253
0.1588	3572.55551600379
0.1589	3677.512730244551
0.159	3789.120449690863
0.15910000000000002	3908.042346043291
0.1592	4035.0342512571833
0.1593	4170.96082397099
0.15940000000000001	4316.815984183952
0.1595	4473.748151775763
0.15960000000000002	4643.091664171111
0.1597	4826.406218129063
0.1598	5025.52684244655
0.15990000000000001	5242.627845579931
0.16	5480.305534043449
0.16010000000000002	5741.6864867056065
0.1602	6030.571126331296
0.1603	6351.6268348830135
0.16040000000000001	6710.6518541225605
0.1605	7114.942324054655
0.16060000000000002	7573.812957256855
0.1607	8099.352316883717
0.1608	8707.546574841768
0.16090000000000002	9420.001009777005