0.	2.5781271756355677e-6
0.001	2.5576770669572325e-6
0.002	2.537360834480442e-6
0.003	2.517181275877641e-6
0.004	2.497140564799147e-6
0.005	2.477240306880158e-6
0.006	2.457481595747764e-6
0.007	2.4378650690279625e-6
0.008	2.418390964352667e-6
0.009000000000000001	2.399059175366722e-6
0.01	2.379869307734912e-6
0.011	2.360820735148976e-6
0.012	2.3419126553346176e-6
0.013000000000000001	2.3231441460585178e-6
0.014	2.304514221135348e-6
0.015	2.2860218864347805e-6
0.016	2.2676661958884996e-6
0.017	2.249446307497217e-6
0.018000000000000002	2.2313615364030146e-6
0.019	2.213411251495367e-6
0.02	2.19559469798211e-6
0.021	2.177911085496643e-6
0.022	2.1603596046576915e-6
0.023	2.1429394336208146e-6
0.024	2.125649744629917e-6
0.025	2.108489710568754e-6
0.026000000000000002	2.091458511512446e-6
0.027	2.074555341278982e-6
0.028	2.05777941398073e-6
0.029	2.0411298250307574e-6
0.03	2.0246051417080246e-6
0.031	2.0082042147871205e-6
0.032	1.9919263491167793e-6
0.033	1.975771169569115e-6
0.034	1.9597384868841488e-6
0.035	1.9438281635143325e-6
0.036000000000000004	1.9280399794690736e-6
0.037	1.9123734981592595e-6
0.038	1.8968279322417827e-6
0.039	1.8814019744950777e-6
0.04	1.8660930737182585e-6
0.041	1.850898685014298e-6
0.042	1.8358176453364887e-6
0.043000000000000003	1.8208498675068295e-6
0.044	1.8059959620606305e-6
0.045	1.791256859091117e-6
0.046	1.7766334300940334e-6
0.047	1.7621261098122472e-6
0.048	1.747734518080353e-6
0.049	1.7334570816692726e-6
0.05	1.7192907753188648e-6
0.051000000000000004	1.7052324087076245e-6
0.052000000000000005	1.6912801803800217e-6
0.053	1.6774335197417478e-6
0.054	1.6636927238623247e-6
0.055	1.6500585942777127e-6
0.056	1.6365320737929201e-6
0.057	1.6231138832846114e-6
0.058	1.609804158503715e-6
0.059000000000000004	1.5966020868780331e-6
0.06	1.5835055980213223e-6
0.061	1.570512375710122e-6
0.062	1.5576210979612368e-6
0.063	1.5448310138681797e-6
0.064	1.5321417324675045e-6
0.065	1.5195530319963663e-6
0.066	1.5070646691500828e-6
0.067	1.494676188339694e-6
0.068	1.4823868247312548e-6
0.069	1.470196624237918e-6
0.07	1.4581056355256499e-6
0.07100000000000001	1.44611283909674e-6
0.07200000000000001	1.4342165368874479e-6
0.073	1.4224147824905746e-6
0.074	1.4107058113780339e-6
0.075	1.3990884711234223e-6
0.076	1.3875627390290097e-6
0.077	1.3761305142848299e-6
0.078	1.364792936477608e-6
0.079	1.353549191819255e-6
0.08	1.3423972806583963e-6
0.081	1.3313348211041798e-6
0.082	1.3203598526500812e-6
0.083	1.309471639797712e-6
0.084	1.2986709738510496e-6
0.085	1.2879552325265921e-6
0.08600000000000001	1.2773213420679887e-6
0.08700000000000001	1.266769431770295e-6
0.088	1.2563016152306987e-6
0.089	1.245920675022962e-6
0.09	1.235628747371865e-6
0.091	1.225426006827647e-6
0.092	1.2153089494389532e-6
0.093	1.2052679980029814e-6
0.094	1.1952973892313454e-6
0.095	1.1853984167914016e-6
0.096	1.1755765274944018e-6
0.097	1.1658383423210573e-6
0.098	1.1561886774471037e-6
0.099	1.1466275652688666e-6
0.1	1.1371480579787737e-6
0.101	1.1277438480499697e-6
0.10200000000000001	1.1184135330480994e-6
0.10300000000000001	1.1091576386078185e-6
0.10400000000000001	1.0999777260537243e-6
0.105	1.0908755455993005e-6
0.106	1.0818521895458622e-6
0.107	1.0729072454815012e-6
0.108	1.0640389225901448e-6
0.109	1.0552502749204304e-6
0.11	1.0465426125081724e-6
0.111	1.03791259970362e-6
0.112	1.0293554208394384e-6
0.113	1.0208680011516144e-6
0.114	1.0124520494902814e-6
0.115	1.004110605229853e-6
0.116	9.958434594700917e-7
0.117	9.87650807198135e-7
0.11800000000000001	9.795332192553508e-7
0.11900000000000001	9.714913014954141e-7
0.12	9.635253352490201e-7
0.121	9.556281866373256e-7
0.122	9.477861581759166e-7
0.123	9.400036226434273e-7
0.124	9.322966639836356e-7
0.125	9.246820465189531e-7
0.126	9.171661841639156e-7
0.127	9.097336904338505e-7
0.128	9.023568088381496e-7
0.129	8.95035519765136e-7
0.13	8.877925295681898e-7
0.131	8.80656243939116e-7
0.132	8.736437281960715e-7
0.133	8.667451017569381e-7
0.134	8.599419955453435e-7
0.135	8.532359988660175e-7
0.136	8.466385840305711e-7
0.137	8.401652093143492e-7
0.138	8.338298387639365e-7
0.139	8.27639616869048e-7
0.14	8.216038777811378e-7
0.14100000000000001	8.157408582708039e-7
0.14200000000000002	8.100565808201206e-7
0.14300000000000002	8.04550431711504e-7
0.14400000000000002	7.992238574617629e-7
0.145	7.940890612561496e-7
0.146	7.891795346918561e-7
0.147	7.845367922205792e-7
0.148	7.801706516995116e-7
0.149	7.76075182301337e-7
0.15	7.722552234979987e-7
0.151	7.68752117100765e-7
0.152	7.656310564031532e-7
0.153	7.629198436736403e-7
0.154	7.606195096757842e-7
0.155	7.587365518614845e-7
0.156	7.573151614431768e-7
0.157	7.564424274176093e-7
0.158	7.561732163905871e-7
0.159	7.565222138191595e-7
0.16	7.575015345433266e-7
0.161	7.591592930041709e-7
0.162	7.616028573621274e-7
0.163	7.649237754784463e-7
0.164	7.691591892175075e-7
0.165	7.743325486214643e-7
0.166	7.804988492380203e-7
0.167	7.877833999637262e-7
0.168	7.963239293401825e-7
0.169	8.061909533783749e-7
0.17	8.174260523950114e-7
0.171	8.300955648654474e-7
0.17200000000000001	8.44342140623486e-7
0.17300000000000001	8.603557645570623e-7
0.17400000000000002	8.782549294352979e-7
0.17500000000000002	8.981095213047167e-7
0.176	9.200033307738551e-7
0.177	9.440963400567701e-7
0.178	9.70631480097774e-7
0.179	9.997923577824544e-7
0.18	1.0316916641730946e-6
0.181	1.066441087222832e-6
0.182	1.1042227347683576e-6
0.183	1.1453256513345448e-6
0.184	1.1900100001282328e-6
0.185	1.2384522761565804e-6
0.186	1.290812072750767e-6
0.187	1.3473044881622534e-6
0.188	1.4082567066554815e-6
0.189	1.4740098085284304e-6
0.19	1.5448215517323518e-6
0.191	1.6209199267523898e-6
0.192	1.7025713739692188e-6
0.193	1.7901458118040188e-6
0.194	1.8840772058882082e-6
0.195	1.984717573519564e-6
0.196	2.092367144462044e-6
0.197	2.2073511672141446e-6
0.198	2.3300978770851723e-6
0.199	2.4611684025161656e-6
0.2	2.6010418999553013e-6
0.201	2.750077673926885e-6
0.202	2.9086371418778937e-6
0.203	3.0772098831090135e-6
0.20400000000000001	3.2564928294163957e-6
0.20500000000000002	3.447162749773054e-6
0.20600000000000002	3.6497350489610436e-6
0.20700000000000002	3.864650425727437e-6
0.20800000000000002	4.092374529724594e-6
0.209	4.333497618450436e-6
0.21	4.588822864820918e-6
0.211	4.85923974008881e-6
0.212	5.145480563395118e-6
0.213	5.448166098921752e-6
0.214	5.767903720227233e-6
0.215	6.105385608806682e-6
0.216	6.461486304883688e-6
0.217	6.837266076545862e-6
0.218	7.233705595181215e-6
0.219	7.651649960772183e-6
0.22	8.091897852706311e-6
0.221	8.555293861232974e-6
0.222	9.042820818920073e-6
0.223	9.555678721003176e-6
0.224	0.000010095135395284927
0.225	0.000010662295853365719
0.226	0.000011258165148233203
0.227	0.000011883755058949714
0.228	0.0000125401907775073
0.229	0.000013228820034095677
0.23	0.00001395124892502621
0.231	0.000014708947134204743
0.232	0.000015503139743609243
0.233	0.00001633497154219329
0.234	0.000017205678042750248
0.23500000000000001	0.000018116756501364655
0.23600000000000002	0.000019070091265776273
0.23700000000000002	0.000020067627012802992
0.23800000000000002	0.000021111034225787953
0.23900000000000002	0.000022201796549206877
0.24	0.000023341337972998155
0.241	0.00002453115001689309
0.242	0.000025772918914745823
0.243	0.000027068652266246378
0.244	0.00002842067023178786
0.245	0.000029831188819793805
0.246	0.000031302220526542644
0.247	0.00003283567054962933
0.248	0.000034433433654370714
0.249	0.00003609749104021094
0.25	0.000037830007207126845
0.251	0.000039633422429841966
0.252	0.000041510339581342606
0.253	0.00004346325232081924
0.254	0.00004549460686758128
0.255	0.00004760684941995568
0.256	0.000049802466919861494
0.257	0.000052084027817384414
0.258	0.000054454222835351405
0.259	0.00005691589820459567
0.26	0.00005947195758166555
0.261	0.00006212529885966739
0.262	0.00006487887441626308
0.263	0.00006773570944248273
0.264	0.00007069891202813852
0.265	0.00007377165151306122
0.266	0.00007695715204068828
0.267	0.00008025870821991143
0.268	0.00008367970055445108
0.269	0.0000872235860343066
0.27	0.00009089387576340696
0.271	0.00009469414801471839
0.272	0.00009862806678508128
0.273	0.00010269937606472029
0.274	0.00010691189157853609
0.275	0.0001112695102229482
0.276	0.00011577620417228684
0.277	0.00012043601836508475
0.278	0.0001252530797205612
0.279	0.00013023159600182796
0.28	0.00013537585564957466
0.281	0.00014069022873903716
0.28200000000000003	0.0001461791679369662
0.28300000000000003	0.00015184720945859555
0.28400000000000003	0.00015769897402461065
0.28500000000000003	0.00016373916781811692
0.28600000000000003	0.00016997258344160824
0.28700000000000003	0.00017640410087393894
0.28800000000000003	0.00018303868878370336
0.289	0.00018988140569157298
0.29	0.00019693739869003607
0.291	0.00020421190411717982
0.292	0.0002117102487345353
0.293	0.00021943785090492023
0.294	0.00022740022177028242
0.295	0.00023560296642954304
0.296	0.00024405178511643994
0.297	0.000252752474377371
0.298	0.0002617109282492375
0.299	0.00027093313919854744
0.3	0.00028042519738397315
0.301	0.00029019329069721435
0.302	0.0003002437058600932
0.303	0.0003105828294596876
0.304	0.0003212171489833706
0.305	0.0003321532538538501
0.306	0.00034339783646420883
0.307	0.00035495769321294374
0.308	0.000366839725539006
0.309	0.0003790509409568407
0.31	0.0003915984541695733
0.311	0.00040448948776051043
0.312	0.00041773137097619173
0.313	0.0004313315401952636
0.314	0.0004452975400764529
0.315	0.00045963702470821176
0.316	0.0004743577587583634
0.317	0.0004894676186237471
0.318	0.0005049745935798639
0.319	0.0005208867869305216
0.32	0.0005372124171574803
0.321	0.0005539598195095522
0.322	0.0005711374491998568
0.323	0.0005887538757508162
0.324	0.0006068177810529405
0.325	0.0006253379612934843
0.326	0.0006443233289201677
0.327	0.0006637829146048981
0.328	0.0006837258692074906
0.329	0.0007041614657393901
0.33	0.0007250991013273916
0.331	0.0007465482991773624
0.332	0.0007685187093249936
0.333	0.0007910200951648974
0.334	0.0008140623402205237
0.335	0.000837655460070553
0.336	0.0008618096015075883
0.337	0.000886535041397449
0.338	0.0009118421855384664
0.339	0.0009377415675207771
0.34	0.0009642438475856183
0.341	0.000991359811484622
0.342	0.0010191003693391096
0.343	0.0010474765552908752
0.34400000000000003	0.0010764995433389616
0.34500000000000003	0.0011061806496454126
0.34600000000000003	0.0011365313193132994
0.34700000000000003	0.001167563127069664
0.34800000000000003	0.001199287778581487
0.34900000000000003	0.00123171711177166
0.35000000000000003	0.001264863098134953
0.35100000000000003	0.001298737844053985
0.352	0.0013333535921151924
0.353	0.0013687227224248055
0.354	0.001404857753924807
0.355	0.0014417713457089097
0.356	0.0014794762983385246
0.357	0.0015179855551587292
0.358	0.0015573122036142391
0.359	0.0015974694765653762
0.36	0.0016384707531955662
0.361	0.0016803295554044969
0.362	0.0017230595439012225
0.363	0.001766674518962405
0.364	0.0018111884216815031
0.365	0.0018566153352179253
0.366	0.0019029694860461805
0.367	0.0019502652452050313
0.368	0.0019985171295466447
0.369	0.002047739802985745
0.37	0.0020979480777487654
0.371	0.0021491569156230003
0.372	0.002201381429205757
0.373	0.0022546368831535073
0.374	0.0023089386954310404
0.375	0.0023643024385606145
0.376	0.0024207438408580728
0.377	0.002478278785819932
0.378	0.0025369233068750345
0.379	0.0025966935863071068
0.38	0.0026576059563885378
0.381	0.0027196769005288896
0.382	0.0027829230544234116
0.383	0.0028473612072015524
0.384	0.002913008302575474
0.385	0.0029798814399885623
0.386	0.003047997875763941
0.387	0.0031173750242529867
0.388	0.003188030458983837
0.389	0.0032599819138099074
0.39	0.0033332472840584006
0.391	0.003407844627678823
0.392	0.003483792166391494
0.393	0.0035611082866342726
0.394	0.003639811536868401
0.395	0.0037199206234085416
0.396	0.0038014544108571236
0.397	0.003884431923163855
0.398	0.0039688723446827424
0.399	0.00405479502122911
0.4	0.004142219461136622
0.401	0.004231165336314296
0.402	0.004321652483303531
0.403	0.004413700904335123
0.404	0.004507330768386282
0.405	0.004602562412237658
0.406	0.004699416341530357
0.40700000000000003	0.004797913231822959
0.40800000000000003	0.004898073929648544
0.40900000000000003	0.004999919453571577
0.41000000000000003	0.005103470994573015
0.41100000000000003	0.005208749912019826
0.41200000000000003	0.005315777730901441
0.41300000000000003	0.005424576142628416
0.41400000000000003	0.005535167006060665
0.41500000000000004	0.005647572348535681
0.41600000000000004	0.005761814366896767
0.417	0.005877915428521249
0.418	0.0059958980723487315
0.419	0.006115785009909286
0.42	0.0062375991263517025
0.421	0.006361363481471703
0.422	0.006487101310740174
0.423	0.006614836026331394
0.424	0.006744591218151252
0.425	0.0068763906548654765
0.426	0.0070102582846462355
0.427	0.0071462182298480705
0.428	0.0072842947843964785
0.429	0.007424512417867148
0.43	0.0075668957761990015
0.431	0.0077114696822368515
0.432	0.007858259136274066
0.433	0.008007289316595221
0.434	0.008158585580018763
0.435	0.008312173462439666
0.436	0.008468078679372087
0.437	0.008626327126492033
0.438	0.008786944880180014
0.439	0.008949958198063697
0.44	0.009115393519560578
0.441	0.009283277466420627
0.442	0.009453636843268956
0.443	0.009626498639521922
0.444	0.009801890033534714
0.445	0.00997983838508294
0.446	0.010160371233504923
0.447	0.010343516298515598
0.448	0.010529301481021039
0.449	0.01071775486393296
0.45	0.010908904712983239
0.451	0.01110277947753844
0.452	0.01129940779141431
0.453	0.011498818473690314
0.454	0.01170104052952413
0.455	0.011906103150966185
0.456	0.012114035717774153
0.457	0.012324867798227482
0.458	0.012538629149941902
0.459	0.012755349720683939
0.46	0.012975059649185442
0.461	0.013197789265958085
0.462	0.013423569094107886
0.463	0.013652429849362564
0.464	0.013884402435375953
0.465	0.014119517941803484
0.466	0.014357807645169678
0.467	0.01459930300956832
0.468	0.01484403568736261
0.46900000000000003	0.015092037519885325
0.47000000000000003	0.015343340538138957
0.47100000000000003	0.01559797696349588
0.47200000000000003	0.015855979208398492
0.47300000000000003	0.016117379877059367
0.47400000000000003	0.016382211766161413
0.47500000000000003	0.016650507865558026
0.47600000000000003	0.016922301358973227
0.47700000000000004	0.017197625624701837
0.47800000000000004	0.017476514236309606
0.47900000000000004	0.017759000963333382
0.48	0.01804511977198124
0.481	0.018334904825832703
0.482	0.01862839048653879
0.483	0.018925611313834426
0.484	0.019226602061623323
0.485	0.019531397676290557
0.486	0.019840033297388884
0.487	0.020152544258253004
0.488	0.020468966086613857
0.489	0.020789334505212854
0.49	0.021113685432416186
0.491	0.021442054982829074
0.492	0.021774479467910043
0.493	0.02211099539658519
0.494	0.022451639475862463
0.495	0.022796448611445932
0.496	0.02314545990835004
0.497	0.023498710671513906
0.498	0.023856238406415563
0.499	0.024218080819686252
0.5	0.024584275819724687
0.501	0.02495486151731131
0.502	0.02532987622622259
0.503	0.02570935846340331
0.504	0.02609334694595098
0.505	0.02648188058891778
0.506	0.02687499850573034
0.507	0.027272740008771473
0.508	0.02767514460996192
0.509	0.02808225202134205
0.51	0.02849410215565364
0.511	0.028910735126921563
0.512	0.029332191251035557
0.513	0.02975851104633194
0.514	0.030189735234175348
0.515	0.030625904739540466
0.516	0.031067060691593772
0.517	0.03151324442427526
0.518	0.03196449747688017
0.519	0.03242086159464073
0.52	0.032882378729307896
0.521	0.033349091039733075
0.522	0.033821040892449514
0.523	0.03429827085993763
0.524	0.03478082371422103
0.525	0.03526874243110922
0.526	0.03576207019181114
0.527	0.03626085038318086
0.528	0.03676512659796323
0.529	0.03727494263503955
0.53	0.037790342499673175
0.531	0.038311370403755256
0.532	0.03883807076605031
0.533	0.03937048821244195
0.534	0.03990866757617848
0.535	0.040452653898118605
0.536	0.04100249242697706
0.537	0.041558228619570266
0.538	0.04211990814106199
0.539	0.04268757686520903
0.54	0.04326128087460681
0.541	0.0438410664609351
0.542	0.04442698012520488
0.543	0.04501906858010061
0.544	0.04561737875332945
0.545	0.04622195778091773
0.546	0.04683285300618777
0.547	0.04745011198018093
0.548	0.04807378246208056
0.549	0.04870391241963501
0.55	0.049340550029580696
0.551	0.04998374367806507
0.552	0.05063354196106962
0.553	0.05128999368483288
0.554	0.051953147866273475
0.555	0.0526230537334131
0.556	0.053299760725799526
0.557	0.05398331849492963
0.558	0.05467377690467236
0.559	0.05537118603169182
0.56	0.056075596165870184
0.561	0.056787057810730804
0.562	0.057505621683861134
0.5630000000000001	0.058231338717335775
0.5640000000000001	0.058964260058139505
0.5650000000000001	0.05970443706859025
0.5660000000000001	0.0604519213267621
0.5670000000000001	0.06120676462690591
0.5680000000000001	0.06196901897874758
0.5690000000000001	0.06273873660392935
0.5700000000000001	0.06351596993573154
0.5710000000000001	0.06430077161957062
0.5720000000000001	0.06509319451336353
0.5730000000000001	0.0658932916878919
0.5740000000000001	0.06670111642716639
0.5750000000000001	0.06751672222879083
0.5760000000000001	0.06834016280432663
0.577	0.06917149207965681
0.578	0.07001076419535077
0.579	0.07085803350702788
0.58	0.07171335458572221
0.581	0.07257678221824664
0.582	0.07344837140755714
0.583	0.07432817737311705
0.584	0.07521625555126132
0.585	0.07611266159556081
0.586	0.0770174513771865
0.587	0.07793068098527384
0.588	0.07885240672728688
0.589	0.07978268512938269
0.59	0.08072157293677552
0.591	0.0816691271141011
0.592	0.08262540484577657
0.593	0.08359046353546623
0.594	0.08456436080326388
0.595	0.08554715448506835
0.596	0.08653890263293602
0.597	0.08753966351541494
0.598	0.08854949561787896
0.599	0.08956845764286196
0.6	0.090596608510392
0.601	0.09163400735832547
0.602	0.09268071354268123
0.603	0.09373678663797486
0.604	0.09480228643755277
0.605	0.09587727295392638
0.606	0.09696180641910626
0.607	0.09805594728493636
0.608	0.09915975622342808
0.609	0.10027329412709458
0.61	0.10139662210928481
0.611	0.10252980150451772
0.612	0.10367289386881648
0.613	0.10482596098004257
0.614	0.10598906483823001
0.615	0.10716226766591946
0.616	0.1083456319084925
0.617	0.10953922023444179
0.618	0.11074309553187459
0.619	0.11195732090535737
0.62	0.11318195968022528
0.621	0.11441707540315246
0.622	0.11566273184229767
0.623	0.11691899298744951
0.624	0.11818592305017211
0.625	0.11946358646395044
0.626	0.12075204788433581
0.627	0.12205137218909133
0.628	0.12336162447833736
0.629	0.12468287007469694
0.63	0.12601517452344133
0.631	0.12735860359263532
0.632	0.12871322327328286
0.633	0.13007909977947238
0.634	0.1314562995485223
0.635	0.13284488924112653
0.636	0.13424493574149976
0.637	0.1356565061575232
0.638	0.1370796678208897
0.639	0.1385144882872495
0.64	0.1399610353363555
0.641	0.1414193769722088
0.642	0.1428895814233129
0.643	0.14437171714608582
0.644	0.1458658528244883
0.645	0.1473720573654451
0.646	0.14889039989880248
0.647	0.15042094977757062
0.648	0.1519637765781657
0.649	0.15351895010065225
0.65	0.15508654036898528
0.651	0.1566666176312525
0.652	0.15825925235991667
0.653	0.15986451525205764
0.654	0.16148247722961476
0.655	0.16311320943962898
0.656	0.16475678325448512
0.657	0.16641327027215413
0.658	0.16808274231643522
0.659	0.16976527143719822
0.66	0.17146092991062564
0.661	0.17316979023945506
0.662	0.17489192515322127
0.663	0.17662740760849852
0.664	0.17837631078914268
0.665	0.18013870810653357
0.666	0.18191467319981713
0.667	0.18370427993614769
0.668	0.18550760241093006
0.669	0.18732471494806197
0.67	0.18915569210017608
0.671	0.1910006086488824
0.672	0.19285953960501037
0.673	0.19473256020849716
0.674	0.1966197459260799
0.675	0.19852117245041623
0.676	0.2004369157004422
0.677	0.20236705182158787
0.678	0.2043116571859928
0.679	0.20627080839272172
0.68	0.20824458226798
0.681	0.21023305586532925
0.682	0.2122363064659028
0.683	0.21425441157862132
0.684	0.21628744894040836
0.685	0.21833549651640585
0.686	0.22039863250018973
0.687	0.22247693531398546
0.6880000000000001	0.22457048360888351
0.6890000000000001	0.22667935626505506
0.6900000000000001	0.2288036323919674
0.6910000000000001	0.23094339132859953
0.6920000000000001	0.2330987126436578
0.6930000000000001	0.23526967613579133
0.6940000000000001	0.23745636183380758
0.6950000000000001	0.23965884999688805
0.6960000000000001	0.24187722111480361
0.6970000000000001	0.2441115559081302
0.6980000000000001	0.24636193532846434
0.6990000000000001	0.2486284405586387
0.7000000000000001	0.2509111530129376
0.7010000000000001	0.2532101543373126
0.7020000000000001	0.25552552640959797
0.7030000000000001	0.257857351339602
0.704	0.26020571146525256
0.705	0.2625706893508657
0.706	0.26495236779106696
0.707	0.2673508298111431
0.708	0.2697661586671398
0.709	0.27219843784595926
0.71	0.27464775106545836
0.711	0.2771141822745462
0.712	0.27959781565328223
0.713	0.282098735612974
0.714	0.2846170267962748
0.715	0.2871527740772819
0.716	0.28970606256163406
0.717	0.29227697758660953
0.718	0.29486560472122403
0.719	0.29747202976632825
0.72	0.300096338754706
0.721	0.30273861795117196
0.722	0.30539895385266963
0.723	0.30807743318836883
0.724	0.3107741429197641
0.725	0.31348917024077205
0.726	0.31622260257782947
0.727	0.3189745275899911
0.728	0.32174503316902764
0.729	0.3245342074395233
0.73	0.3273421387589739
0.731	0.33016891571788454
0.732	0.3330146271398677
0.733	0.33587936208174074
0.734	0.3387632098346491
0.735	0.3416662599275355
0.736	0.34458860212288084
0.737	0.3475303264152452
0.738	0.35049152303142367
0.739	0.3534722824306008
0.74	0.35647269530450637
0.741	0.3594928525775704
0.742	0.3625328454070784
0.743	0.3655927651833266
0.744	0.3686727035297772
0.745	0.3717727523032136
0.746	0.3748930035938956
0.747	0.3780335497257146
0.748	0.3811944832563491
0.749	0.3843758969774194
0.75	0.3875778839146434
0.751	0.39080053732799136
0.752	0.3940439507118416
0.753	0.39730821779513525
0.754	0.40059343254153174
0.755	0.40389968914956415
0.756	0.40722708205279406
0.757	0.41057570591996717
0.758	0.41394565565516833
0.759	0.4173370263979767
0.76	0.42074991352362123
0.761	0.42418441264313567
0.762	0.42764061960351396
0.763	0.43111863048786514
0.764	0.4346185416155691
0.765	0.4381404495424314
0.766	0.44168445106083865
0.767	0.4452506431999136
0.768	0.44883912322567066
0.769	0.4524499886411709
0.77	0.45608333718667726
0.771	0.4597392668397185
0.772	0.4634178758132401
0.773	0.4671192625543961
0.774	0.47084352574552313
0.775	0.47459076430430847
0.776	0.478361077383917
0.777	0.4821545643731178
0.778	0.4859713248964107
0.779	0.4898114588141527
0.78	0.49367506622268514
0.781	0.4975622474544597
0.782	0.5014731030781656
0.783	0.5054077338988557
0.784	0.5093662409580738
0.785	0.5133487255339804
0.786	0.5173552891414801
0.787	0.5213860335323479
0.788	0.5254410606953558
0.789	0.5295204728563996
0.79	0.5336243724786252
0.791	0.5377528622625556
0.792	0.5419060451462175
0.793	0.5460840243052677
0.794	0.5502869031531199
0.795	0.5545147853410712
0.796	0.5587677747584289
0.797	0.5630459755326369
0.798	0.5673494920294027
0.799	0.5716784288528236
0.8	0.5760328908455137
0.801	0.5804129830887301
0.802	0.5848188109025003
0.803	0.5892504798457477
0.804	0.5937080957164195
0.805	0.598191764551612
0.806	0.6027015926276986
0.807	0.6072376864604554
0.808	0.6118001528051893
0.809	0.6163890986572231
0.81	0.6210046312515093
0.811	0.6256468580606104
0.812	0.6303158867945667
0.8130000000000001	0.6350118254010396
0.8140000000000001	0.6397347820654538
0.8150000000000001	0.6444848652111399
0.8160000000000001	0.6492621834994781
0.8170000000000001	0.6540668458300399
0.8180000000000001	0.6588989613407316
0.8190000000000001	0.6637586394079366
0.8200000000000001	0.6686459896466584
0.8210000000000001	0.6735611219106638
0.8220000000000001	0.6785041462926245
0.8230000000000001	0.683475173124261
0.8240000000000001	0.6884743129764851
0.8250000000000001	0.6935016766595421
0.8260000000000001	0.6985573752231544
0.8270000000000001	0.7036415199566636
0.8280000000000001	0.7087542223891736
0.8290000000000001	0.7138955942896935
0.8300000000000001	0.7190657476672797
0.8310000000000001	0.7242647947711798
0.8320000000000001	0.7294928480909741
0.833	0.7347500203567188
0.834	0.7400364245390904
0.835	0.7453521738495256
0.836	0.7506973817403657
0.837	0.7560721619049996
0.838	0.7614766282780059
0.839	0.7669108950352956
0.84	0.7723750765942557
0.841	0.7778692876138912
0.842	0.7833936429949679
0.843	0.7889482578801559
0.844	0.7945332476541712
0.845	0.8001487279439197
0.846	0.8057948146180018
0.847	0.8114716237817179
0.848	0.8171792717787769
0.849	0.8229178751937767
0.85	0.8286875508522904
0.851	0.834488415820935
0.852	0.8403205874074398
0.853	0.846184183160714
0.854	0.8520793208709152
0.855	0.8580061185695183
0.856	0.863964694529382
0.857	0.8699551672648189
0.858	0.8759776555316626
0.859	0.882032278327336
0.86	0.8881191548909195
0.861	0.8942384047032197
0.862	0.900390147486837
0.863	0.9065745032062342
0.864	0.9127915920678042
0.865	0.9190415345199391
0.866	0.9253244512530971
0.867	0.931640463199872
0.868	0.9379896915350605
0.869	0.944372257675731
0.87	0.9507882832812913
0.871	0.957237890253557
0.872	0.9637212007368198
0.873	0.9702383371179157
0.874	0.976789422026293
0.875	0.9833745783340808
0.876	0.9899939291561567
0.877	0.9966475978502155
0.878	1.0033357080168372
0.879	1.0100583834995553
0.88	1.0168157483849247
0.881	1.0236079270025902
0.882	1.030435043925355
0.883	1.0372972239691445
0.884	1.0441945921883748
0.885	1.051127273874781
0.886	1.0580953945644227
0.887	1.0650990800381974
0.888	1.072138456321796
0.889	1.0792136496856568
0.89	1.0863247866449226
0.891	1.0934719939593938
0.892	1.1006553986334848
0.893	1.1078751279161785
0.894	1.1151313093009816
0.895	1.12242407052588
0.896	1.1297535395732927
0.897	1.137119844670029
0.898	1.1445231142872416
0.899	1.1519634771403826
0.9	1.159441062189159
0.901	1.1669559986374871
0.902	1.1745084159334476
0.903	1.182098443769241
0.904	1.189726212081143
0.905	1.197391851049459
0.906	1.2050954910984795
0.907	1.2128372628964355
0.908	1.2206172973554528
0.909	1.228435725631508
0.91	1.236292679124383
0.911	1.2441882894776202
0.912	1.2521226885784782
0.913	1.260096008557886
0.914	1.268108381790399
0.915	1.276159940894153
0.916	1.2842508187308206
0.917	1.2923811484055654
0.918	1.300551063266997
0.919	1.308760696907127
0.92	1.317010183161324
0.921	1.3252996561129333
0.922	1.3336292501085594
0.923	1.3419990997426197
0.924	1.3504093398518868
0.925	1.3588601055157055
0.926	1.3673515320562106
0.927	1.3758837550385477
0.928	1.3844569102710889
0.929	1.3930711338056527
0.93	1.4017265619377222
0.931	1.4104233312066627
0.932	1.419161578395942
0.933	1.4279414405333464
0.934	1.4367630548912005
0.935	1.4456265589865855
0.936	1.4545320905815575
0.937	1.4634797876833658
0.9380000000000001	1.4724697885446711
0.9390000000000001	1.4815022316637645
0.9400000000000001	1.490577255784785
0.9410000000000001	1.4996949998979388
0.9420000000000001	1.5088556032397173
0.9430000000000001	1.5180592052931154
0.9440000000000001	1.5273059457878504
0.9450000000000001	1.536595964700579
0.9460000000000001	1.5459294022551178
0.9470000000000001	1.55530639892266
0.9480000000000001	1.5647270954219947
0.9490000000000001	1.574191632719725
0.9500000000000001	1.5837001520304859
0.9510000000000001	1.5932527948171635
0.9520000000000001	1.6028497027911135
0.9530000000000001	1.6124910179123786
0.9540000000000001	1.6221768823899076
0.9550000000000001	1.6319074386817742
0.9560000000000001	1.6416828294953938
0.9570000000000001	1.6515031977877441
0.9580000000000001	1.661368686765046
0.9590000000000001	1.671279439873703
0.96	1.6812356007985647
0.961	1.691237313469368
0.962	1.701284722061847
0.963	1.7113779709986616
0.964	1.72151720495032
0.965	1.7317025688361043
0.966	1.7419342078245967
0.967	1.7522122673313063
0.968	1.7625368930169276
0.969	1.7729082307880737
0.97	1.783326426798188
0.971	1.7937916274484578
0.972	1.8043039793887254
0.973	1.8148636295183636
0.974	1.8254707249855704
0.975	1.8361254131844587
0.976	1.8468278417549835
0.977	1.8575781585838407
0.978	1.86837651180537
0.979	1.8792230498024587
0.98	1.8901179212074461
0.981	1.9010612749024987
0.982	1.9120532600171773
0.983	1.923094025927211
0.984	1.9341837222551876
0.985	1.9453224988713245
0.986	1.956510505894236
0.987	1.9677478936917032
0.988	1.979034812881281
0.989	1.9903714143285003
0.99	2.001757849146245
0.991	2.013194268695804
0.992	2.024680824586911
0.993	2.0362176686777436
0.994	2.047804953074938
0.995	2.059442830133589
0.996	2.0711314524573097
0.997	2.0828709728984265
0.998	2.0946615445597083
0.999	2.106503320807629
1.	2.1183400357673827
1.0010000000000001	2.110333724440209
1.002	2.1023076798121485
1.0030000000000001	2.0943181257685
1.004	2.0863648697584334
1.0050000000000001	2.0784477203845038
1.006	2.070566487395978
1.0070000000000001	2.062720981680386
1.008	2.0549110152550965
1.0090000000000001	2.047136401219424
1.01	2.0393969537430143
1.0110000000000001	2.031692488158186
1.012	2.024022820948493
1.0130000000000001	2.016387769726256
1.014	2.008787153210117
1.0150000000000001	2.0012207912025732
1.016	1.9936885045675325
1.0170000000000001	1.9861901152078438
1.018	1.9787254460428552
1.0190000000000001	1.9712943209860128
1.02	1.9638965650017588
1.0210000000000001	1.9565320042366572
1.022	1.9492004658250448
1.0230000000000001	1.9419017778580745
1.024	1.9346357693962566
1.025	1.9274022704819793
1.026	1.9202011121520421
1.027	1.913032126450192
1.028	1.9058951464396412
1.029	1.8987900062156118
1.03	1.891716540917851
1.031	1.8846745867245804
1.032	1.8776639807442297
1.033	1.870684560984873
1.034	1.8637361663679843
1.035	1.8568186367328305
1.036	1.8499318128408349
1.037	1.843075536379968
1.038	1.8362496499691134
1.039	1.8294539971624557
1.04	1.8226884224538478
1.041	1.8159527712811983
1.042	1.8092468900259553
1.043	1.8025706259618859
1.044	1.7959238272184523
1.045	1.7893063427850124
1.046	1.782718022511884
1.047	1.7761587171113822
1.048	1.769628278158831
1.049	1.7631265580936006
1.05	1.7566534102201188
1.051	1.7502086887089068
1.052	1.743792248597593
1.053	1.7374039457912565
1.054	1.7310436370420197
1.055	1.7247111799087371
1.056	1.7184064327497495
1.057	1.7121292547238867
1.058	1.7058795057914617
1.059	1.699657046715287
1.06	1.693461739061666
1.061	1.687293445201412
1.062	1.6811520283108392
1.063	1.67503735237278
1.064	1.6689492821773229
1.065	1.6628876833076554
1.066	1.6568524221013243
1.067	1.6508433656402803
1.068	1.6448603817516276
1.069	1.6389033390084484
1.07	1.6329721067306062
1.071	1.6270665549855707
1.072	1.6211865545892215
1.073	1.6153319771066719
1.074	1.609502694853074
1.075	1.6036985808945612
1.076	1.597919509050814
1.077	1.5921653538644414
1.078	1.586435990567881
1.079	1.5807312950811034
1.08	1.5750511440113084
1.081	1.5693954146526468
1.082	1.5637639849859184
1.083	1.5581567336782916
1.084	1.5525735400830027
1.085	1.5470142842390748
1.086	1.5414788468710179
1.087	1.5359671093885463
1.088	1.5304789538862804
1.089	1.525014263143464
1.09	1.519572920623664
1.091	1.5141548104720322
1.092	1.5087598174348438
1.093	1.5033878268422785
1.094	1.4980387246980644
1.095	1.4927123976765602
1.096	1.4874087331135675
1.097	1.482127618997163
1.098	1.476868943958512
1.099	1.471632597262701
1.1	1.466418468799549
1.101	1.4612264490744424
1.102	1.4560564291991465
1.103	1.4509083008826376
1.104	1.4457819564219172
1.105	1.4406772886928432
1.106	1.435594191140944
1.107	1.430532557774199
1.108	1.4254922832000927
1.109	1.42047326265071
1.11	1.4154753919561922
1.111	1.4104985675380661
1.112	1.4055426864036704
1.113	1.4006076461406032
1.114	1.3956933449111513
1.115	1.3907996814467354
1.116	1.3859265550423405
1.117	1.3810738655509611
1.118	1.3762415133780306
1.119	1.371429399475868
1.12	1.366637425338106
1.121	1.3618654929941383
1.122	1.357113505003548
1.123	1.3523813644521239
1.124	1.3476689749692814
1.125	1.3429762407304549
1.1260000000000001	1.3383030664434181
1.127	1.3336493573443167
1.1280000000000001	1.3290150191939407
1.129	1.3243999582740145
1.1300000000000001	1.3198040813834688
1.131	1.3152272958347309
1.1320000000000001	1.3106695094499963
1.133	1.3061306305575202
1.1340000000000001	1.3016105679878878
1.135	1.2971092310703058
1.1360000000000001	1.292626529628874
1.137	1.288162373978875
1.1380000000000001	1.2837166749230475
1.139	1.279289343748262
1.1400000000000001	1.2748802922267695
1.141	1.2704894326162706
1.1420000000000001	1.2661166776561503
1.143	1.2617619405641962
1.1440000000000001	1.2574251350333148
1.145	1.2531061752282615
1.1460000000000001	1.2488049757823556
1.147	1.2445214517942111
1.1480000000000001	1.2402555188244513
1.149	1.2360070928924398
1.1500000000000001	1.2317760904729953
1.151	1.2275624284931217
1.1520000000000001	1.2233660243287239
1.153	1.2191867958013376
1.154	1.2150246611748463
1.155	1.2108795391527292
1.156	1.2067513488793669
1.157	1.20264000993895
1.158	1.1985454423521074
1.159	1.1944675665730164
1.16	1.1904063034865338
1.161	1.186361574405309
1.162	1.1823333010669144
1.163	1.1783214056309583
1.164	1.174325810676215
1.165	1.1703464391977396
1.166	1.1663832146039963
1.167	1.162436060713973
1.168	1.1585049017543105
1.169	1.1545896623564178
1.17	1.1506902675535997
1.171	1.1468066427785264
1.172	1.142938713863426
1.173	1.1390864070395434
1.174	1.1352496489345794
1.175	1.1314283665700504
1.176	1.1276224873586684
1.177	1.1238319391017018
1.178	1.1200566499863527
1.179	1.1162965485831207
1.18	1.1125515638431782
1.181	1.1088216250957346
1.182	1.1051066620454115
1.183	1.1014066047696078
1.184	1.0977213837158748
1.185	1.0940509296992793
1.186	1.0903951738997808
1.187	1.0867540478581497
1.188	1.0831274834728974
1.189	1.0795154130062445
1.19	1.0759177690831516
1.191	1.0723344846887133
1.192	1.0687654931655666
1.193	1.0652107282112853
1.194	1.0616701238757889
1.195	1.0581436145587362
1.196	1.0546311350069342
1.197	1.0511326203117324
1.198	1.0476480059064304
1.199	1.0441772275636738
1.2	1.040720221392861
1.201	1.037276923837539
1.202	1.0338472716728104
1.203	1.0304312020027286
1.204	1.0270286522577063
1.205	1.023639560191909
1.206	1.0202638638806862
1.207	1.0169015017215783
1.208	1.0135524124398083
1.209	1.0102165350844232
1.21	1.0068938090256407
1.211	1.0035841739526923
1.212	1.0002875698716793
1.213	0.9970039371034158
1.214	0.993733216281284
1.215	0.9904753483490779
1.216	0.9872302745588588
1.217	0.9839979364687985
1.218	0.9807782759410348
1.219	0.9775712351395149
1.22	0.9743767565278506
1.221	0.9711947828671622
1.222	0.9680252572139335
1.223	0.9648681229178555
1.224	0.9617233236196814
1.225	0.9585908032490706
1.226	0.9554705060224788
1.227	0.9523623764430368
1.228	0.9492663593030456
1.229	0.9461823996827753
1.23	0.9431104429485089
1.231	0.940050434750604
1.232	0.9370023210215652
1.233	0.9339660479741057
1.234	0.9309415620992193
1.235	0.927928810164243
1.236	0.9249277392109277
1.237	0.9219382965535016
1.238	0.9189604297767409
1.239	0.9159940867340326
1.24	0.9130392155454461
1.241	0.9100957645957953
1.242	0.9071636825327105
1.243	0.9042429182647003
1.244	0.9013334209592235
1.245	0.8984351400407515
1.246	0.8955480251890207
1.247	0.8926720263406694
1.248	0.8898070936908541
1.249	0.8869531776910692
1.25	0.8841102290474405
1.2510000000000001	0.8812781987190387
1.252	0.8784570379162023
1.2530000000000001	0.8756466980988511
1.254	0.872847130974809
1.2550000000000001	0.8700582884981181
1.256	0.8672801228673608
1.2570000000000001	0.864512586523974
1.258	0.861755632150572
1.2590000000000001	0.8590092126692597
1.26	0.8562732812399557
1.2610000000000001	0.853547791258706
1.262	0.8508326963560067
1.2630000000000001	0.8481279503951177
1.264	0.8454335074703856
1.2650000000000001	0.8427493219055573
1.266	0.8400753482524269
1.2670000000000001	0.8374115412926084
1.268	0.8347578560380821
1.2690000000000001	0.8321142477294184
1.27	0.8294806718343019
1.2710000000000001	0.8268570840460474
1.272	0.8242434402821278
1.2730000000000001	0.8216396966826904
1.274	0.8190458096090835
1.2750000000000001	0.8164617356423741
1.276	0.8138874315818743
1.2770000000000001	0.8113228544436579
1.278	0.8087679614590882
1.2790000000000001	0.8062227100733341
1.28	0.803687057943897
1.281	0.801160962939129
1.282	0.7986443831367559
1.283	0.7961372768224012
1.284	0.793639602488104
1.285	0.7911513188308453
1.286	0.7886723847516096
1.287	0.7862027593572493
1.288	0.783742401960273
1.289	0.7812912720773647
1.29	0.7788493294280747
1.291	0.776416533933521
1.292	0.7739928457150793
1.293	0.7715782250930852
1.294	0.7691726325855244
1.295	0.7667760289067337
1.296	0.7643883749660925
1.297	0.7620096318667229
1.298	0.7596397609041818
1.299	0.7572787235651609
1.3	0.7549264815261781
1.301	0.7525829966522783
1.302	0.750248230995725
1.303	0.7479221467947001
1.304	0.7456047064719961
1.305	0.7432958726337179
1.306	0.7409956080688397
1.307	0.738703875750948
1.308	0.7364206388374754
1.309	0.7341458606684406
1.31	0.7318795047652958
1.311	0.7296215348297821
1.312	0.7273719147427767
1.313	0.7251306085631484
1.314	0.7228975805266048
1.315	0.7206727950445475
1.316	0.7184562167029199
1.317	0.7162478102610619
1.318	0.7140475406505575
1.319	0.7118553729740906
1.32	0.7096712725042915
1.321	0.7074952046825925
1.322	0.7053271351180759
1.323	0.7031670295863282
1.324	0.7010148540282881
1.325	0.6988705745491193
1.326	0.6967341574182686
1.327	0.6946055690706667
1.328	0.6924847761055758
1.329	0.6903717452855663
1.33	0.688266443535553
1.331	0.6861688379418378
1.332	0.6840788957511462
1.333	0.6819965843696701
1.334	0.679921871362104
1.335	0.6778547244506881
1.336	0.675795111514244
1.337	0.6737430005872189
1.338	0.6716983598587203
1.339	0.66966115767156
1.34	0.66763136252129
1.341	0.6656089430552453
1.342	0.6635938680715806
1.343	0.6615861065183126
1.344	0.6595856274923567
1.345	0.6575924002385699
1.346	0.655606394148787
1.347	0.6536275787608633
1.348	0.6516559237577456
1.349	0.649691398970907
1.35	0.647733974383539
1.351	0.6457836201219088
1.352	0.6438403064537557
1.353	0.6419040037877451
1.354	0.6399746826729169
1.355	0.6380523137981394
1.356	0.6361368679915576
1.357	0.6342283162200473
1.358	0.6323266295886635
1.359	0.6304317793400941
1.36	0.6285437368541084
1.361	0.6266624736470113
1.362	0.6247879613710913
1.363	0.6229201718140747
1.364	0.6210590768985736
1.365	0.6192046486815408
1.366	0.6173568593537166
1.367	0.6155156812390844
1.368	0.613681086794318
1.369	0.6118530486082359
1.37	0.6100315394012495
1.371	0.6082165320248167
1.372	0.6064079994600946
1.373	0.6046059148146624
1.374	0.6028102513219203
1.375	0.6010209823407443
1.3760000000000001	0.5992380813549614
1.377	0.597461521972831
1.3780000000000001	0.5956912779265207
1.379	0.5939273230715874
1.3800000000000001	0.5921696313864528
1.381	0.5904181769718853
1.3820000000000001	0.5886729340504744
1.383	0.5869338769661135
1.3840000000000001	0.5852009801834746
1.385	0.5834742182874894
1.3860000000000001	0.5817535659828257
1.387	0.580038998093368
1.3880000000000001	0.5783304895616935
1.389	0.5766280154485535
1.3900000000000001	0.5749315509323483
1.391	0.5732410713086092
1.3920000000000001	0.5715565519894743
1.393	0.5698779685031687
1.3940000000000001	0.5682052964934814
1.395	0.5665385117187126
1.3960000000000001	0.5648775900490403
1.397	0.5632225074664587
1.3980000000000001	0.5615732400645883
1.399	0.5599297640481666
1.4000000000000001	0.5582920557325357
1.401	0.5566600915431332
1.4020000000000001	0.5550338480149793
1.403	0.5534133017921683
1.4040000000000001	0.5517984296273549
1.405	0.5501892083812465
1.4060000000000001	0.5485856150220892
1.407	0.5469876266251598
1.408	0.5453952203722525
1.409	0.5438083735511693
1.41	0.5422270635552097
1.411	0.5406512678826579
1.412	0.5390809641362746
1.413	0.5375161300227829
1.414	0.5359567433523607
1.415	0.5344027820381271
1.416	0.5328542240956338
1.417	0.5313110476423522
1.418	0.5297732308970351
1.419	0.5282407521784596
1.42	0.5267135899049855
1.421	0.5251917225942258
1.422	0.5236751288625747
1.423	0.5221637874247327
1.424	0.520657677093234
1.425	0.5191567767779709
1.426	0.5176610654857228
1.427	0.5161705223196793
1.428	0.5146851264789694
1.429	0.513204857258185
1.43	0.5117296940469097
1.431	0.5102596163292427
1.432	0.5087946036833273
1.433	0.5073346357808749
1.434	0.5058796923866934
1.435	0.5044297533582113
1.436	0.5029847986450062
1.437	0.5015448082883287
1.438	0.5001097624206309
1.439	0.4986796412650904
1.44	0.49725442513513907
1.441	0.4958340944340086
1.442	0.494418629654343
1.443	0.4930080113775036
1.444	0.491602220273041
1.445	0.49020123709827396
1.446	0.4888050426978737
1.447	0.4874136180034434
1.448	0.48602694403310237
1.449	0.48464500189106563
1.45	0.48326777276722804
1.451	0.48189523793674394
1.452	0.4805273787596112
1.453	0.4791641766802509
1.454	0.4778056132270913
1.455	0.4764516700121477
1.456	0.4751023287306064
1.457	0.4737575711604042
1.458	0.47241737916181276
1.459	0.471081734677018
1.46	0.4697506197297045
1.461	0.4684240164246346
1.462	0.4671019069472331
1.463	0.4657842735631665
1.464	0.4644710986179568
1.465	0.4631623645368041
1.466	0.4618580538239206
1.467	0.46055814906192594
1.468	0.4592626329114836
1.469	0.4579714881109355
1.47	0.45668469747594176
1.471	0.4554022438991155
1.472	0.45412411034966205
1.473	0.45285027987301424
1.474	0.4515807355904714
1.475	0.45031546069883466
1.476	0.4490544384700461
1.477	0.44779765225082374
1.478	0.446545085462301
1.479	0.44529672159966144
1.48	0.4440525442317785
1.481	0.44281253700085005
1.482	0.44157668362203806
1.483	0.44034496788310334
1.484	0.43911737364404513
1.485	0.4378938848367358
1.486	0.4366744854645605
1.487	0.4354591596020578
1.488	0.43424789139461073
1.489	0.43304066505793193
1.49	0.4318374648776088
1.491	0.4306382752087772
1.492	0.4294430804758017
1.493	0.4282518651719527
1.494	0.42706461385908673
1.495	0.4258813111673233
1.496	0.4247019417947256
1.497	0.42352649050697666
1.498	0.42235494213706076
1.499	0.42118728158493934
1.5	0.42002349381723225
1.5010000000000001	0.4188635638668939
1.502	0.41770747683289416
1.5030000000000001	0.4165552178798951
1.504	0.4154067722379313
1.5050000000000001	0.414262125202087
1.506	0.41312126213217604
1.5070000000000001	0.41198416845241925
1.508	0.41085082965112457
1.5090000000000001	0.409721231280364
1.51	0.4085953589557056
1.5110000000000001	0.4074731983571547
1.512	0.40635473522859594
1.5130000000000001	0.40523995537589685
1.514	0.4041288446665702
1.5150000000000001	0.40302138902951423
1.516	0.40191757445475756
1.5170000000000001	0.40081738699319924
1.518	0.39972081275635307
1.5190000000000001	0.3986278379160883
1.52	0.39753844870437394
1.5210000000000001	0.396452631413019
1.522	0.3953703723934171
1.5230000000000001	0.3942916580562868
1.524	0.393216474871416
1.5250000000000001	0.39214480936740237
1.526	0.3910766481313977
1.5270000000000001	0.39001197780884844
1.528	0.3889507851032399
1.5290000000000001	0.38789305677583685
1.53	0.38683877964542784
1.5310000000000001	0.3857879405880656
1.532	0.38474052653681157
1.5330000000000001	0.383696524481476
1.534	0.3826559214683627
1.5350000000000001	0.3816187046000094
1.536	0.3805848610349318
1.537	0.3795543779873647
1.538	0.37852724272700494
1.539	0.37750344257875446
1.54	0.37648296492246114
1.541	0.37546579719266304
1.542	0.3744519268783291
1.543	0.3734413415226031
1.544	0.37243402872254455
1.545	0.3714299761288726
1.546	0.3704291714457069
1.547	0.3694316024303117
1.548	0.3684372568928326
1.549	0.3674461226953455
1.55	0.3664581877506908
1.551	0.36547344002338955
1.552	0.36449186752958657
1.553	0.3635134583368176
1.554	0.3625382005637732
1.555	0.36156608238006654
1.556	0.36059709200599677
1.557	0.35963121771231676
1.558	0.35866844781999707
1.559	0.357708770699993
1.56	0.35675217477300913
1.561	0.3557986485092659
1.562	0.3548481804282643
1.563	0.3539007590985529
1.564	0.35295637313749173
1.565	0.35201501121101975
1.566	0.35107666203341903
1.567	0.3501413143670816
1.568	0.34920895702227406
1.569	0.34827957885690425
1.57	0.34735316877628586
1.571	0.34642971573290526
1.572	0.3455092087261859
1.573	0.34459163680225535
1.574	0.3436769890537094
1.575	0.3427652546193795
1.576	0.3418564226840965
1.577	0.3409504824784582
1.578	0.34004742327859333
1.579	0.3391472344059287
1.58	0.3382499052269535
1.581	0.3373554251529862
1.582	0.33646378363993906
1.583	0.335574970188085
1.584	0.334688974341822
1.585	0.33380578568943997
1.586	0.33292539386288517
1.587	0.3320477885372473
1.588	0.3311729594298139
1.589	0.33030089630118875
1.59	0.3294315889554791
1.591	0.3285650272400785
1.592	0.32770120104544675
1.593	0.32684010030489236
1.594	0.32598171499435263
1.595	0.3251260351321761
1.596	0.32427305077890267
1.597	0.3234227520370462
1.598	0.32257512905087404
1.599	0.3217301720061904
1.6	0.3208878711301156
1.601	0.32004821669086886
1.602	0.3192111989975485
1.603	0.3183768083999142
1.604	0.3175450352881672
1.605	0.3167158700927327
1.606	0.3158893032840399
1.607	0.3150653253723047
1.608	0.3142439269073094
1.609	0.3134250984781855
1.61	0.3126088307131936
1.611	0.31179511427950596
1.612	0.31098393988298645
1.613	0.3101752982679732
1.614	0.30936918021705845
1.615	0.30856557655087125
1.616	0.3077644781278574
1.617	0.3069658758440619
1.618	0.3061697606329091
1.619	0.3053761234649852
1.62	0.30458495534781815
1.621	0.3037962473256603
1.622	0.3030099904792684
1.623	0.3022261759256861
1.624	0.30144479481802394
1.625	0.3006658383454427
1.6260000000000001	0.29988929773487116
1.627	0.2991151642505396
1.6280000000000001	0.2983434291928938
1.629	0.2975740838984174
1.6300000000000001	0.29680711973946206
1.631	0.2960425281240807
1.6320000000000001	0.295280300495858
1.633	0.29452042833374315
1.6340000000000001	0.2937629031518806
1.635	0.29300771649944285
1.6360000000000001	0.2922548599604612
1.637	0.2915043251536584
1.6380000000000001	0.2907561037322794
1.639	0.2900101873839244
1.6400000000000001	0.28926656783037913
1.641	0.2885252368274479
1.6420000000000001	0.2877861861647841
1.643	0.28704940766572334
1.6440000000000001	0.28631489318711373
1.645	0.285582634619149
1.6460000000000001	0.28485262388519894
1.647	0.2841248529416425
1.6480000000000001	0.2833993137776981
1.649	0.28267599841525676
1.6500000000000001	0.2819548989087125
1.651	0.2812360073447956
1.6520000000000001	0.28051931584240253
1.653	0.27980481655242967
1.6540000000000001	0.27909250165760313
1.655	0.27838236337231226
1.6560000000000001	0.27767439394243987
1.657	0.27696858564519516
1.6580000000000001	0.2762649307889445
1.659	0.2755634217130442
1.6600000000000001	0.27486405078767107
1.661	0.2741668104136553
1.6620000000000001	0.27347169302231134
1.663	0.2727786910753057
1.6640000000000001	0.27208779706544817
1.665	0.271399003516854
1.666	0.2707123029839504
1.667	0.27002768805129773
1.668	0.26934515133345915
1.669	0.2686646854748682
1.67	0.2679862831496992
1.671	0.26730993706173495
1.672	0.266635639944237
1.673	0.26596338455981333
1.674	0.26529316370028844
1.675	0.2646249701865713
1.676	0.26395879686852547
1.677	0.2632946366248368
1.678	0.2626324823628838
1.679	0.26197232701860496
1.68	0.2613141635563695
1.681	0.2606579849688448
1.682	0.2600037842768666
1.683	0.2593515545293069
1.684	0.2587012888029441
1.685	0.25805298020233036
1.686	0.2574066218596627
1.687	0.2567622069346498
1.688	0.2561197286143827
1.689	0.2554791801132026
1.69	0.2548405546725706
1.691	0.25420384556093606
1.692	0.25356904607360625
1.693	0.2529361495326146
1.694	0.25230514928659037
1.695	0.2516760387106268
1.696	0.25104881120615125
1.697	0.2504234602007927
1.698	0.2497999791482522
1.699	0.24917836152817058
1.7	0.24855860084599854
1.701	0.24794069063286667
1.702	0.2473246244458098
1.703	0.24671039586808166
1.704	0.24609799850844685
1.705	0.24548742600098514
1.706	0.24487867200498828
1.707	0.24427173020485476
1.708	0.24366659430998655
1.709	0.24306325805468393
1.71	0.24246171519804205
1.711	0.24186195952384593
1.712	0.24126398484046704
1.713	0.24066778498075822
1.714	0.24007335380195022
1.715	0.2394806851855467
1.716	0.23888977303722073
1.717	0.23830061128670982
1.718	0.23771319388771248
1.719	0.23712751481778302
1.72	0.23654356807822838
1.721	0.23596134769400282
1.722	0.23538084771360462
1.723	0.23480206220897104
1.724	0.23422498527537486
1.725	0.23364961103131923
1.726	0.23307593361843443
1.727	0.23250394720137266
1.728	0.23193364596770472
1.729	0.23136502412781476
1.73	0.2307980759147972
1.731	0.23023279558435128
1.732	0.22966917741467793
1.733	0.2291072157063745
1.734	0.22854690478233153
1.735	0.22798823898762752
1.736	0.22743121268942562
1.737	0.22687582027686848
1.738	0.22632205616097492
1.739	0.2257699147745348
1.74	0.22521939057203783
1.741	0.22467047802969292
1.742	0.22412317164526105
1.743	0.22357746593793168
1.744	0.22303335544823533
1.745	0.22249083473795384
1.746	0.22194989839003307
1.747	0.22141054100849314
1.748	0.22087275721834107
1.749	0.22033654166548108
1.75	0.21980188901662723
1.7510000000000001	0.21926879395921367
1.752	0.2187372512013073
1.7530000000000001	0.21820725547151812
1.754	0.21767880151891172
1.7550000000000001	0.21715188411291975
1.756	0.21662649804325235
1.7570000000000001	0.21610263811980862
1.758	0.21558029917258914
1.7590000000000001	0.21505947605160636
1.76	0.21454016362679706
1.7610000000000001	0.2140223567879329
1.762	0.21350605044453272
1.7630000000000001	0.21299123952577323
1.764	0.2124779189804012
1.7650000000000001	0.21196608377664414
1.766	0.2114557289021227
1.7670000000000001	0.2109468493637611
1.768	0.21043944018769953
1.7690000000000001	0.20993349641920483
1.77	0.20942901312258264
1.7710000000000001	0.2089259853810882
1.772	0.2084244082968385
1.7730000000000001	0.207924276990723
1.774	0.20742558660231583
1.7750000000000001	0.20692833228978655
1.776	0.20643250922981232
1.7770000000000001	0.20593811261748862
1.778	0.20544513766626205
1.7790000000000001	0.20495357960803645
1.78	0.2044634336930624
1.7810000000000001	0.2039746951897696
1.782	0.20348735938469217
1.7830000000000001	0.20300142158239332
1.784	0.20251687710539157
1.7850000000000001	0.20203372129408548
1.786	0.20155194950667987
1.7870000000000001	0.20107155711911057
1.788	0.20059253952497055
1.7890000000000001	0.20011489213543476
1.79	0.19963861037918626
1.7910000000000001	0.19916368970234097
1.792	0.1986901255683739
1.793	0.19821791345804401
1.794	0.19774704886931982
1.795	0.19727752731730536
1.796	0.19680934433416472
1.797	0.19634249546904864
1.798	0.1958769762880188
1.799	0.19541278237397447
1.8	0.19494990932657685
1.801	0.19448835276217558
1.802	0.19402810831373324
1.803	0.1935691716307518
1.804	0.19311153837919706
1.805	0.19265520424142518
1.806	0.19220016491610714
1.807	0.19174641611815513
1.808	0.19129395357864715
1.809	0.19084277304475336
1.81	0.19039287027966068
1.811	0.18994424106249905
1.812	0.18949688118826621
1.813	0.1890507864677539
1.814	0.18860595272747238
1.815	0.18816237580957706
1.816	0.18772005157180227
1.817	0.18727897588763304
1.818	0.1868391446462906
1.819	0.18640055375243875
1.82	0.18596319912610992
1.821	0.185527076702645
1.822	0.18509218243263176
1.823	0.18465851228184474
1.824	0.18422606223118373
1.825	0.18379482827661361
1.826	0.1833648064291028
1.827	0.18293599271456318
1.828	0.18250838317378837
1.829	0.1820819738623939
1.83	0.18165676085075527
1.831	0.18123274022394828
1.832	0.180809908081687
1.833	0.18038826053826404
1.834	0.1799677937224887
1.835	0.17954850377762704
1.836	0.17913038686134025
1.837	0.17871343914562457
1.838	0.17829765681674956
1.839	0.17788303607519823
1.84	0.17746957313560535
1.841	0.1770572642266973
1.842	0.1766461055912305
1.843	0.1762360934859315
1.844	0.17582722418143507
1.845	0.1754194939622244
1.846	0.17501289912656934
1.847	0.17460743598646633
1.848	0.17420310086757695
1.849	0.17379989010916758
1.85	0.173397800064048
1.851	0.1729968270985113
1.852	0.1725969675922722
1.853	0.17219821793840692
1.854	0.17180057454329195
1.855	0.1714040338265714
1.856	0.17100859222114764
1.857	0.17061424617310064
1.858	0.17022099214163033
1.859	0.16982882659900597
1.86	0.169437746030514
1.861	0.16904774693440738
1.862	0.16865882582185346
1.863	0.1682709792168833
1.864	0.16788420365633966
1.865	0.16749849568982608
1.866	0.16711385187965502
1.867	0.16673026880079705
1.868	0.16634774304082878
1.869	0.16596627119988208
1.87	0.1655858498905922
1.871	0.16520647573804678
1.872	0.16482814537973403
1.873	0.16445085546549187
1.874	0.16407460265745583
1.875	0.16369938363000844
1.8760000000000001	0.16332519506972712
1.877	0.1629520336753334
1.8780000000000001	0.1625798961576409
1.879	0.1622087792395046
1.8800000000000001	0.16183867965576884
1.881	0.16146959415321643
1.8820000000000001	0.1611015194905167
1.883	0.16073445243817483
1.8840000000000001	0.16036838977847961
1.885	0.16000332830545286
1.8860000000000001	0.15963926482479732
1.887	0.1592761961538459
1.8880000000000001	0.15891411912150963
1.889	0.15855303056822698
1.8900000000000001	0.1581929273459117
1.891	0.15783380631790217
1.8920000000000001	0.1574756643589093
1.893	0.15711849835496583
1.8940000000000001	0.15676230520337422
1.895	0.15640708181265597
1.8960000000000001	0.15605282510249954
1.897	0.15569953200370956
1.8980000000000001	0.1553471994581549
1.899	0.15499582441871784
1.9000000000000001	0.15464540384924197
1.901	0.15429593472455555
1.9020000000000001	0.15394741403093468
1.903	0.15359983876576438
1.9040000000000001	0.1532532059372257
1.905	0.15290751256425583
1.9060000000000001	0.15256275567650895
1.907	0.152218932314318
1.9080000000000001	0.15187603952865536
1.909	0.15153407438109487
1.9100000000000001	0.1511930339437724
1.911	0.15085291529934777
1.9120000000000001	0.15051371554096554
1.913	0.1501754317722167
1.9140000000000001	0.14983806110709957
1.915	0.14950160066998153
1.9160000000000001	0.14916604759555985
1.917	0.14883139902882347
1.9180000000000001	0.14849765212501373
1.919	0.1481648040495863
1.92	0.14783285197817184
1.921	0.14750179309653771
1.922	0.14717162460054925
1.923	0.14684234369613072
1.924	0.14651394759922712
1.925	0.14618643353576488
1.926	0.14585979874161378
1.927	0.14553404046254764
1.928	0.1452091559542062
1.929	0.14488514248205572
1.93	0.14456199732135114
1.931	0.1442397177570964
1.932	0.1439183010840067
1.933	0.14359774460646885
1.934	0.14327804563850344
1.935	0.14295920150372537
1.936	0.14264120953530585
1.937	0.14232406707593295
1.938	0.14200777147777363
1.939	0.14169232010243435
1.94	0.14137771032092297
1.941	0.14106393951360952
1.942	0.14075100507018795
1.943	0.14043890438963696
1.944	0.14012763488018182
1.945	0.13981719395925504
1.946	0.13950757905345834
1.947	0.13919878759851714
1.948	0.13889081703889958
1.949	0.13858366482768184
1.95	0.1382773284270875
1.951	0.13797180530848926
1.952	0.13766709295235935
1.953	0.1373631888482194
1.954	0.13706009049459122
1.955	0.13675779539894628
1.956	0.1364563010776566
1.957	0.1361556050559444
1.958	0.13585570486783272
1.959	0.1355565980560952
1.96	0.1352582821722069
1.961	0.1349607547762937
1.962	0.13466401343708329
1.963	0.1343680557318547
1.964	0.13407287924638914
1.965	0.1337784815749195
1.966	0.1334848603200813
1.967	0.13319201309286222
1.968	0.1328999375125528
1.969	0.1326086312066963
1.97	0.1323180918110392
1.971	0.13202831696948106
1.972	0.1317393043340251
1.973	0.13145105156472803
1.974	0.131163556329765
1.975	0.13087681630658127
1.976	0.13059082918133863
1.977	0.13030559264804323
1.978	0.13002110440852438
1.979	0.12973736217242657
1.98	0.12945436365720275
1.981	0.12917210658810654
1.982	0.12889058869818526
1.983	0.12860980772827224
1.984	0.12832976142697997
1.985	0.1280504475506922
1.986	0.1277718638635573
1.987	0.12749400813748013
1.988	0.1272168781521156
1.989	0.12694047169486047
1.99	0.12666478656084687
1.991	0.12638982055293416
1.992	0.12611557148170235
1.993	0.12584203716544418
1.994	0.12556921543015825
1.995	0.1252971041095413
1.996	0.12502570104498134
1.997	0.12475500408554976
1.998	0.12448501108799465
1.999	0.12421571991673282
2.	0.12394712844384309