0.	-4.2421400832488116e-8
0.001	-4.243535924648897e-8
0.002	-4.2448754953162886e-8
0.003	-4.2461600862085866e-8
0.004	-4.2473909691152694e-8
0.005	-4.2485693967956005e-8
0.006	-4.249696603116523e-8
0.007	-4.250773803190569e-8
0.008	-4.2518021935137537e-8
0.009000000000000001	-4.252782952103483e-8
0.01	-4.25371723863645e-8
0.011	-4.25460619458654e-8
0.012	-4.25545094336273e-8
0.013000000000000001	-4.2562525904469913e-8
0.014	-4.2570122235321895e-8
0.015	-4.257730912659988e-8
0.016	-4.258409710358748e-8
0.017	-4.2590496517814295e-8
0.018000000000000002	-4.2596517548434956e-8
0.019	-4.26021702036081e-8
0.02	-4.2607464321875406e-8
0.021	-4.261240957354063e-8
0.022	-4.261701546204857e-8
0.023	-4.262129132536412e-8
0.024	-4.262524633735128e-8
0.025	-4.262888950915215e-8
0.026000000000000002	-4.263222969056597e-8
0.027	-4.2635275571428116e-8
0.028	-4.263803568298912e-8
0.029	-4.264051839929369e-8
0.03	-4.2642731938559725e-8
0.031	-4.2644684364557323e-8
0.032	-4.264638358798779e-8
0.033	-4.264783736786267e-8
0.034	-4.2649053312882755e-8
0.035	-4.265003888281709e-8
0.036000000000000004	-4.265080138988201e-8
0.037	-4.265134800012011e-8
0.038	-4.2651685734779316e-8
0.039	-4.2651821471691866e-8
0.04	-4.265176194665333e-8
0.041	-4.265151375480162e-8
0.042	-4.2651083351996015e-8
0.043000000000000003	-4.265047705619618e-8
0.044	-4.264970104884116e-8
0.045	-4.264876137622841e-8
0.046	-4.264766395089281e-8
0.047	-4.264641455298567e-8
0.048	-4.2645018831653755e-8
0.049	-4.2643482306418286e-8
0.05	-4.2641810368553986e-8
0.051000000000000004	-4.264000828246806e-8
0.052000000000000005	-4.2638081187079194e-8
0.053	-4.2636034097196656e-8
0.054	-4.26338719048992e-8
0.055	-4.263159938091416e-8
0.056	-4.262922117599644e-8
0.057	-4.26267418223075e-8
0.058	-4.2624165734794426e-8
0.059000000000000004	-4.262149721256891e-8
0.06	-4.261874044028626e-8
0.061	-4.261589948952442e-8
0.062	-4.2612978320163014e-8
0.063	-4.260998078176232e-8
0.064	-4.26069106149423e-8
0.065	-4.2603771452761615e-8
0.066	-4.260056682209665e-8
0.067	-4.25973001450205e-8
0.068	-4.259397474018204e-8
0.069	-4.259059382418486e-8
0.07	-4.258716051296635e-8
0.07100000000000001	-4.2583677823176674e-8
0.07200000000000001	-4.258014867355781e-8
0.073	-4.257657588632255e-8
0.074	-4.257296218853351e-8
0.075	-4.256931021348215e-8
0.076	-4.25656225020678e-8
0.077	-4.256190150417667e-8
0.078	-4.255814958006085e-8
0.079	-4.2554369001717326e-8
0.08	-4.255056195426703e-8
0.081	-4.25467305373338e-8
0.082	-4.2542876766423455e-8
0.083	-4.253900257430273e-8
0.084	-4.253510981237838e-8
0.085	-4.253120025207614e-8
0.08600000000000001	-4.252727558621975e-8
0.08700000000000001	-4.2523337430409966e-8
0.088	-4.2519387324403586e-8
0.089	-4.2515426733492466e-8
0.09	-4.251145704988252e-8
0.091	-4.250747959407274e-8
0.092	-4.250349561623422e-8
0.093	-4.249950629758916e-8
0.094	-4.249551275178989e-8
0.095	-4.249151602629787e-8
0.096	-4.248751710376271e-8
0.097	-4.248351690340122e-8
0.098	-4.2479516282376345e-8
0.099	-4.2475516037176263e-8
0.1	-4.247151690499335e-8
0.101	-4.246751956510322e-8
0.10200000000000001	-4.246352464024371e-8
0.10300000000000001	-4.2459532697993934e-8
0.10400000000000001	-4.2455544252153265e-8
0.105	-4.245155976412036e-8
0.106	-4.2447579644272184e-8
0.107	-4.244360425334301e-8
0.108	-4.243963390380344e-8
0.109	-4.2435668861239434e-8
0.11	-4.243170934573129e-8
0.111	-4.24277555332327e-8
0.112	-4.242380755694972e-8
0.113	-4.2419865508719834e-8
0.114	-4.2415929440390926e-8
0.115	-4.241199936520032e-8
0.116	-4.240807525915379e-8
0.117	-4.240415706240456e-8
0.11800000000000001	-4.240024468063233e-8
0.11900000000000001	-4.239633798642231e-8
0.12	-4.23924368206442e-8
0.121	-4.238854099383121e-8
0.122	-4.238465028755911e-8
0.123	-4.23807644558252e-8
0.124	-4.237688322642735e-8
0.125	-4.2373006302343004e-8
0.126	-4.236913336310821e-8
0.127	-4.236526406619662e-8
0.128	-4.236139804839849e-8
0.129	-4.2357534927199743e-8
0.13	-4.235367430216094e-8
0.131	-4.23498157562963e-8
0.132	-4.234595885745274e-8
0.133	-4.234210315968885e-8
0.134	-4.233824820465396e-8
0.135	-4.23343935229671e-8
0.136	-4.233053863559605e-8
0.137	-4.232668305523634e-8
0.138	-4.2322826287690286e-8
0.139	-4.231896783324596e-8
0.14	-4.2315107188056246e-8
0.14100000000000001	-4.231124384551785e-8
0.14200000000000002	-4.2307377297650297e-8
0.14300000000000002	-4.230350703647494e-8
0.14400000000000002	-4.2299632555394014e-8
0.145	-4.2295753350569613e-8
0.146	-4.2291868922302714e-8
0.147	-4.2287978776412205e-8
0.148	-4.228408242561388e-8
0.149	-4.228017939089947e-8
0.15	-4.227626920291564e-8
0.151	-4.2272351403343026e-8
0.152	-4.2268425546275236e-8
0.153	-4.226449119959787e-8
0.154	-4.226054794636751e-8
0.155	-4.225659538619078e-8
0.156	-4.225263313660334e-8
0.157	-4.2248660834448864e-8
0.158	-4.224467813725813e-8
0.159	-4.224068472462796e-8
0.16	-4.2236680299600285e-8
0.161	-4.223266459004113e-8
0.162	-4.222863735001966e-8
0.163	-4.222459836118715e-8
0.164	-4.2220547434156044e-8
0.165	-4.221648440987894e-8
0.166	-4.2212409161027616e-8
0.167	-4.220832159337206e-8
0.168	-4.2204221647159436e-8
0.169	-4.2200109298493166e-8
0.17	-4.2195984560711887e-8
0.171	-4.21918474857685e-8
0.17200000000000001	-4.218769816560916e-8
0.17300000000000001	-4.218353673355232e-8
0.17400000000000002	-4.217936336566771e-8
0.17500000000000002	-4.217517828215539e-8
0.176	-4.2170981748724746e-8
0.177	-4.216677407797348e-8
0.178	-4.216255563076668e-8
0.179	-4.215832681761578e-8
0.18	-4.215408810005761e-8
0.181	-4.214983999203339e-8
0.182	-4.214558306126776e-8
0.183	-4.2141317930647796e-8
0.184	-4.213704527960201e-8
0.185	-4.2132765845479355e-8
0.186	-4.212848042492828e-8
0.187	-4.212418987527571e-8
0.188	-4.211989511594285e-8
0.189	-4.211559732496673e-8
0.19	-4.211129832268484e-8
0.191	-4.2106999939554155e-8
0.192	-4.210270386851946e-8
0.193	-4.20984116683253e-8
0.194	-4.2094124766828006e-8
0.195	-4.2089844464307666e-8
0.196	-4.208557193678016e-8
0.197	-4.208130823930914e-8
0.198	-4.207705430931801e-8
0.199	-4.2072810969901966e-8
0.2	-4.206857893313997e-8
0.201	-4.2064358803406754e-8
0.202	-4.2060151080684824e-8
0.203	-4.2055956163876446e-8
0.20400000000000001	-4.205177435411567e-8
0.20500000000000002	-4.204760585808029e-8
0.20600000000000002	-4.2043450791303896e-8
0.20700000000000002	-4.203930918148782e-8
0.20800000000000002	-4.203518097181318e-8
0.209	-4.203106602425285e-8
0.21	-4.202696412288347e-8
0.211	-4.202287497719744e-8
0.212	-4.201879822541493e-8
0.213	-4.201473343779588e-8
0.214	-4.2010680119951984e-8
0.215	-4.200663771615869e-8
0.216	-4.2002605612667215e-8
0.217	-4.199858314101654e-8
0.218	-4.199456958134541e-8
0.219	-4.199056416570432e-8
0.22	-4.1986566081367525e-8
0.221	-4.198257447414504e-8
0.222	-4.197858845169464e-8
0.223	-4.1974607086833855e-8
0.224	-4.197062942085197e-8
0.225	-4.196665446682202e-8
0.226	-4.196268121291282e-8
0.227	-4.195870862570091e-8
0.228	-4.195473565348259e-8
0.229	-4.195076122958593e-8
0.23	-4.194678427568274e-8
0.231	-4.194280370510057e-8
0.232	-4.193881842613475e-8
0.233	-4.193482734536034e-8
0.234	-4.193082937094416e-8
0.23500000000000001	-4.1926823415956766e-8
0.23600000000000002	-4.192280840168448e-8
0.23700000000000002	-4.1918783260941364e-8
0.23800000000000002	-4.191474694138122e-8
0.23900000000000002	-4.191069840880962e-8
0.24	-4.1906636650495855e-8
0.241	-4.190256067848498e-8
0.242	-4.189846953290978e-8
0.243	-4.1894362285302806e-8
0.244	-4.189023804190834e-8
0.245	-4.1886095946994405e-8
0.246	-4.1881935186164766e-8
0.247	-4.187775498967094e-8
0.248	-4.187355463572417e-8
0.249	-4.186933345380747e-8
0.25	-4.186509082798755e-8
0.251	-4.18608262002269e-8
0.252	-4.1856539073695715e-8
0.253	-4.1852229016083965e-8
0.254	-4.1847895662913324e-8
0.255	-4.184353872084922e-8
0.256	-4.183915797101282e-8
0.257	-4.183475327229301e-8
0.258	-4.183032456465843e-8
0.259	-4.182587187246945e-8
0.26	-4.1821395307790165e-8
0.261	-4.1816895073700416e-8
0.262	-4.181237146760776e-8
0.263	-4.180782488455951e-8
0.264	-4.180325582055468e-8
0.265	-4.179866487585605e-8
0.266	-4.17940527583021e-8
0.267	-4.178942028661905e-8
0.268	-4.178476839373285e-8
0.269	-4.178009813008119e-8
0.27	-4.1775410666925467e-8
0.271	-4.177070729966281e-8
0.272	-4.17659894511381e-8
0.273	-4.1761258674955897e-8
0.274	-4.1756516658792526e-8
0.275	-4.175176522770802e-8
0.276	-4.174700634745815e-8
0.277	-4.1742242127806375e-8
0.278	-4.173747482583592e-8
0.279	-4.173270684926171e-8
0.28	-4.172794075974239e-8
0.281	-4.1723179276192334e-8
0.28200000000000003	-4.171842527809363e-8
0.28300000000000003	-4.171368180880809e-8
0.28400000000000003	-4.1708952078889245e-8
0.28500000000000003	-4.170423946939434e-8
0.28600000000000003	-4.169954753519634e-8
0.28700000000000003	-4.169488000829593e-8
0.28800000000000003	-4.1690240800065495e-8
0.289	-4.1685628318096104e-8
0.29	-4.1681024120474756e-8
0.291	-4.167641085211873e-8
0.292	-4.167177614085348e-8
0.293	-4.1667112116939345e-8
0.294	-4.1662414932598335e-8
0.295	-4.165768428154086e-8
0.296	-4.1652922918492456e-8
0.297	-4.164813617872058e-8
0.298	-4.1643331497561295e-8
0.299	-4.163851792994609e-8
0.3	-4.163370566992856e-8
0.301	-4.1628905570211166e-8
0.302	-4.162412866167203e-8
0.303	-4.161938567289162e-8
0.304	-4.1614686549679515e-8
0.305	-4.161003997460118e-8
0.306	-4.1605452886504675e-8
0.307	-4.160093000004742e-8
0.308	-4.159647332522294e-8
0.309	-4.15920816868876e-8
0.31	-4.158775024428737e-8
0.311	-4.158347001058455e-8
0.312	-4.157922737238455e-8
0.313	-4.157500360926259e-8
0.314	-4.157077725478423e-8
0.315	-4.1566535475846545e-8
0.316	-4.1562269656143546e-8
0.317	-4.155797279229663e-8
0.318	-4.155363940543036e-8
0.319	-4.154926545277103e-8
0.32	-4.154484823924539e-8
0.321	-4.154038632907923e-8
0.322	-4.153587945739603e-8
0.323	-4.153132844181561e-8
0.324	-4.1526735094052755e-8
0.325	-4.1522102131515867e-8
0.326	-4.1517433088905593e-8
0.327	-4.151273222981347e-8
0.328	-4.150800445832056e-8
0.329	-4.1503255230596094e-8
0.33	-4.1498490466496106e-8
0.331	-4.149371646116208e-8
0.332	-4.1488939796619577e-8
0.333	-4.148416725337687e-8
0.334	-4.1479405722023613e-8
0.335	-4.147466211482945e-8
0.336	-4.146994327734265e-8
0.337	-4.1465255899988785e-8
0.338	-4.1460606429669324e-8
0.339	-4.1455994263688896e-8
0.34	-4.145138496367282e-8
0.341	-4.144674029928581e-8
0.342	-4.1442030916593964e-8
0.343	-4.143723555683455e-8
0.34400000000000003	-4.1432340265356774e-8
0.34500000000000003	-4.142733760056256e-8
0.34600000000000003	-4.1422225842847355e-8
0.34700000000000003	-4.1417008203540875e-8
0.34800000000000003	-4.1411692033847954e-8
0.34900000000000003	-4.140628803378926e-8
0.35000000000000003	-4.1400809461142144e-8
0.35100000000000003	-4.1395271340381366e-8
0.352	-4.138968967161993e-8
0.353	-4.138408063954983e-8
0.354	-4.1378459822382885e-8
0.355	-4.1372841400791455e-8
0.356	-4.13672373668493e-8
0.357	-4.136165673297232e-8
0.358	-4.135610474085933e-8
0.359	-4.1350582070432904e-8
0.36	-4.1345084048780096e-8
0.361	-4.1339599859093267e-8
0.362	-4.133411174961085e-8
0.363	-4.1328594242558143e-8
0.364	-4.1323022156095353e-8
0.365	-4.1317402246242544e-8
0.366	-4.131170847515838e-8
0.367	-4.130589395322548e-8
0.368	-4.1299944121928554e-8
0.369	-4.129390516978431e-8
0.37	-4.1287772264509244e-8
0.371	-4.128146942737662e-8
0.372	-4.127493667933081e-8
0.373	-4.1268199311972237e-8
0.374	-4.126127478597479e-8
0.375	-4.125411224849247e-8
0.376	-4.124663834640081e-8
0.377	-4.1238805185510417e-8
0.378	-4.1230647102626264e-8
0.379	-4.122219450612157e-8
0.38	-4.121332684040767e-8
0.381	-4.120387810219626e-8
0.382	-4.119377636035297e-8
0.383	-4.118330381495587e-8
0.384	-4.117265551317363e-8
0.385	-4.1161366867411155e-8
0.386	-4.114885166959383e-8
0.387	-4.1135039338565256e-8
0.388	-4.112068778946064e-8
0.389	-4.11060415121399e-8
0.39	-4.1090405079932335e-8
0.391	-4.1072852589922177e-8
0.392	-4.105297911583067e-8
0.393	-4.103128260215844e-8
0.394	-4.1007877679663534e-8
0.395	-4.098241869222195e-8
0.396	-4.0954433387109886e-8
0.397	-4.0923510015164754e-8
0.398	-4.0889315476648304e-8
0.399	-4.085030727895864e-8
0.4	-4.080584124369271e-8
0.401	-4.075688376537041e-8
0.402	-4.07044745472989e-8
0.403	-4.064815463827083e-8
0.404	-4.058535243152091e-8
0.405	-4.051432165051368e-8
0.406	-4.043505795803655e-8
0.40700000000000003	-4.034823921157118e-8
0.40800000000000003	-4.0254108596792137e-8
0.40900000000000003	-4.0151363695314384e-8
0.41000000000000003	-4.003701287655678e-8
0.41100000000000003	-3.990910497351501e-8
0.41200000000000003	-3.9767263225670835e-8
0.41300000000000003	-3.961163021202961e-8
0.41400000000000003	-3.944177604338835e-8
0.41500000000000004	-3.925569887570542e-8
0.41600000000000004	-3.9051618895529384e-8
0.417	-3.8828414484459205e-8
0.418	-3.858336290901933e-8
0.419	-3.8312969371325196e-8
0.42	-3.8013985786368054e-8
0.421	-3.7684442774149214e-8
0.422	-3.732385644207545e-8
0.423	-3.6929994925335014e-8
0.424	-3.649825902627125e-8
0.425	-3.60230963580529e-8
0.426	-3.549945801898036e-8
0.427	-3.492411201214044e-8
0.428	-3.429409614261199e-8
0.429	-3.3604556221756216e-8
0.43	-3.284955058941773e-8
0.431	-3.2022592857627745e-8
0.432	-3.111717245568009e-8
0.433	-3.012727052909775e-8
0.434	-2.9046648908340205e-8
0.435	-2.7867081325361048e-8
0.436	-2.6578826890226072e-8
0.437	-2.5171554813800535e-8
0.438	-2.363526198615601e-8
0.439	-2.1959899292826047e-8
0.44	-2.0133603067877173e-8
0.441	-1.8143843869606646e-8
0.442	-1.5977338801718782e-8
0.443	-1.3619708315137182e-8
0.444	-1.1055017227108122e-8
0.445	-8.264188525512355e-9
0.446	-5.228072308062568e-9
0.447	-1.9289827734855177e-9
0.448	1.6514686654908188e-9
0.449	5.534647590891767e-9
0.45	9.746636541653033e-9
0.451	1.4315209061262058e-8
0.452	1.9268116235799564e-8
0.453	2.46343152748433e-8
0.454	3.0444881648116396e-8
0.455	3.673391816980865e-8
0.456	4.353888389575392e-8
0.457	5.0899247587560253e-8
0.458	5.885666932339337e-8
0.459	6.745551490691402e-8
0.46	7.674328277607777e-8
0.461	8.67710225897866e-8
0.462	9.759299198760074e-8
0.463	1.092666946547762e-7
0.464	1.2185441219585677e-7
0.465	1.354230058879396e-7
0.466	1.500435258255643e-7
0.467	1.657908492831231e-7
0.468	1.8274459777687253e-7
0.46900000000000003	2.0098998257657352e-7
0.47000000000000003	2.2061709748496083e-7
0.47100000000000003	2.4172157578028423e-7
0.47200000000000003	2.6440535933582995e-7
0.47300000000000003	2.887774154588436e-7
0.47400000000000003	3.1495330506999475e-7
0.47500000000000003	3.430554405720695e-7
0.47600000000000003	3.732142458509329e-7
0.47700000000000004	4.0556830622359795e-7
0.47800000000000004	4.402644713904433e-7
0.47900000000000004	4.774577742184464e-7
0.48	5.173104205594782e-7
0.481	5.599961718436418e-7
0.482	6.05702057878487e-7
0.483	6.546267965707388e-7
0.484	7.06979157991767e-7
0.485	7.62976945288833e-7
0.486	8.228515282597535e-7
0.487	8.868483311210859e-7
0.488	9.552260460448305e-7
0.489	1.0282579737341913e-6
0.49	1.1062333853901944e-6
0.491	1.1894581763722385e-6
0.492	1.2782532763690957e-6
0.493	1.3729591838773454e-6
0.494	1.4739371068296606e-6
0.495	1.5815680768079666e-6
0.496	1.696252060209375e-6
0.497	1.818405951985923e-6
0.498	1.9484658708054616e-6
0.499	2.0869001557455225e-6
0.5	2.234207756429884e-6
0.501	2.3909133728457083e-6
0.502	2.5575626040359974e-6
0.503	2.7347272113670287e-6
0.504	2.9230187057089833e-6
0.505	3.123065890322194e-6
0.506	3.335520777423728e-6
0.507	3.561070753085791e-6
0.508	3.8004506540286126e-6
0.509	4.054439112999751e-6
0.51	4.323840473308227e-6
0.511	4.609503940018615e-6
0.512	4.912325417836603e-6
0.513	5.2332459753867465e-6
0.514	5.573250309490222e-6
0.515	5.933365209442575e-6
0.516	6.314657933530859e-6
0.517	6.718241739252635e-6
0.518	7.145292390344093e-6
0.519	7.597049911872609e-6
0.52	8.074816163693139e-6
0.521	8.579952407373746e-6
0.522	9.113876873121125e-6
0.523	9.678062260304264e-6
0.524	0.000010274036534799134
0.525	0.000010903404355278841
0.526	0.00001156785741760133
0.527	0.000012269171176750799
0.528	0.000013009201131216317
0.529	0.00001378987910737044
0.53	0.000014613209543594845
0.531	0.000015481266457669324
0.532	0.00001639621187245171
0.533	0.00001736032184434513
0.534	0.00001837598463578074
0.535	0.000019445695269262743
0.536	0.000020572050081413448
0.537	0.00002175774127701827
0.538	0.000023005552383871202
0.539	0.000024318374206279143
0.54	0.000025699234018214697
0.541	0.00002715129739643155
0.542	0.00002867786555000539
0.543	0.000030282372674131236
0.544	0.000031968383303920724
0.545	0.00003373958977988987
0.546	0.00003559982303117489
0.547	0.00003755307648417269
0.548	0.000039603501441541976
0.549	0.0000417554105511242
0.55	0.00004401328303648906
0.551	0.00004638176992747996
0.552	0.00004886569929075946
0.553	0.00005147008186109419
0.554	0.000054200117789114186
0.555	0.00005706120030126295
0.556	0.00006005892169746531
0.557	0.00006319908045869102
0.558	0.00006648768835567101
0.559	0.00006993097757080924
0.56	0.00007353540836414078
0.561	0.00007730767294305254
0.562	0.00008125469899237055
0.5630000000000001	0.00008538365841838935
0.5640000000000001	0.00008970197650210285
0.5650000000000001	0.00009421734105243514
0.5660000000000001	0.00009893771106001098
0.5670000000000001	0.00010387131962954479
0.5680000000000001	0.0001090266820190651
0.5690000000000001	0.00011441260618524366
0.5700000000000001	0.00012003820018220475
0.5710000000000001	0.00012591287949904835
0.5720000000000001	0.0001320463743976023
0.5730000000000001	0.0001384487390635986
0.5740000000000001	0.00014513036326356413
0.5750000000000001	0.00015210197637876015
0.5760000000000001	0.00015937465683574302
0.577	0.00016695984303293084
0.578	0.00017486934426717406
0.579	0.00018311535164296965
0.58	0.00019171044728389557
0.581	0.00020066760972851997
0.582	0.00021000022347989635
0.583	0.00021972209076294625
0.584	0.00022984744331898076
0.585	0.00024039095420022203
0.586	0.00025136774797078357
0.587	0.00026279340494589473
0.588	0.00027468398123012245
0.589	0.00028705602192577635
0.59	0.00029992656897887877
0.591	0.00031331316901088733
0.592	0.00032723388123154354
0.593	0.00034170729729063895
0.594	0.0003567525594717745
0.595	0.0003723893504554693
0.596	0.00038863791052036613
0.597	0.0004055190584744948
0.598	0.0004230542125865359
0.599	0.0004412654101361744
0.6	0.0004601753050491299
0.601	0.0004798071737724055
0.602	0.0005001849377752228
0.603	0.0005213331773419444
0.604	0.0005432771450847857
0.605	0.000566042779456526
0.606	0.0005896567182632216
0.607	0.000614146312176917
0.608	0.0006395396380724024
0.609	0.0006658655126353691
0.61	0.0006931535114070523
0.611	0.0007214339849966604
0.612	0.0007507380732075707
0.613	0.000781097719147609
0.614	0.0008125456833393297
0.615	0.0008451155578302968
0.616	0.0008788417803033639
0.617	0.000913759647888604
0.618	0.0009499053335865373
0.619	0.0009873159110635934
0.62	0.0010260293717031664
0.621	0.0010660846388508161
0.622	0.0011075215820543043
0.623	0.0011503810313036292
0.624	0.0011947047912710628
0.625	0.0012405356555511861
0.626	0.0012879174213223567
0.627	0.0013368949120571684
0.628	0.001387514003994442
0.629	0.0014398216425081571
0.63	0.0014938658568956365
0.631	0.001549695775165662
0.632	0.0016073616388265907
0.633	0.0016669148176744722
0.634	0.0017284078245811394
0.635	0.0017918943313680548
0.636	0.0018574291954216652
0.637	0.0019250684863041788
0.638	0.0019948695020112206
0.639	0.002066890784236362
0.64	0.0021411921336356517
0.641	0.002217834625092142
0.642	0.0022968806229804206
0.643	0.002378393796441276
0.644	0.002462439139279753
0.645	0.0025490830001588137
0.646	0.002638393099724823
0.647	0.0027304385472887225
0.648	0.002825289858336496
0.649	0.0029230189720396375
0.65	0.0030236992687656186
0.651	0.003127405587588356
0.652	0.0032342142438353105
0.653	0.003344203050243932
0.654	0.00345745133918341
0.655	0.0035740399769339914
0.656	0.0036940513821818594
0.657	0.0038175695451208723
0.658	0.0039446800465542985
0.659	0.004075470076996553
0.66	0.004210028455774934
0.661	0.004348445650116379
0.662	0.004490813793174002
0.663	0.004637226700353858
0.664	0.00478777988740254
0.665	0.004942570588870328
0.666	0.005101697776553107
0.667	0.005265262177934302
0.668	0.005433366294626807
0.669	0.005606114420814906
0.67	0.005783612661696209
0.671	0.005965968951923574
0.672	0.006153293073915052
0.673	0.0063456966740411715
0.674	0.006543293278391786
0.675	0.006746198310285544
0.676	0.006954529107629427
0.677	0.007168404940270229
0.678	0.0073879470273460505
0.679	0.0076132785546377865
0.68	0.007844524691920615
0.681	0.008081812610315483
0.682	0.008325271499640595
0.683	0.0085750325828837
0.684	0.008831229124563265
0.685	0.009093996457001471
0.686	0.009363471997999463
0.687	0.009639795264687707
0.6880000000000001	0.009923107887376293
0.6890000000000001	0.010213553623405194
0.6900000000000001	0.01051127837099456
0.6910000000000001	0.010816430183095
0.6920000000000001	0.011129159281237857
0.6930000000000001	0.011449618069409617
0.6940000000000001	0.011777961150935445
0.6950000000000001	0.01211434534736005
0.6960000000000001	0.012458929708964707
0.6970000000000001	0.012811875527003512
0.6980000000000001	0.013173346346380949
0.6990000000000001	0.013543507978329436
0.7000000000000001	0.01392252851308688
0.7010000000000001	0.014310578332574233
0.7020000000000001	0.014707830123073045
0.7030000000000001	0.015114458887903016
0.704	0.015530641959531199
0.705	0.015956559003287425
0.706	0.016392392033114177
0.707	0.01683832543007986
0.708	0.01729454595068793
0.709	0.017761242734860374
0.71	0.018238607313921133
0.711	0.018726833618579544
0.712	0.019226117986913798
0.713	0.01973665917235436
0.714	0.02025865835166743
0.715	0.020792319133124418
0.716	0.02133784756805534
0.717	0.02189545216295418
0.718	0.02246534388550353
0.719	0.02304773616959013
0.72	0.023642844920319907
0.721	0.02425088851903298
0.722	0.024872087828318675
0.723	0.02550666619703053
0.724	0.026154849465301316
0.725	0.026816865969548603
0.726	0.02749294654285235
0.727	0.028183324517093288
0.728	0.028888235742029054
0.729	0.029607918587449374
0.73	0.030342613942416233
0.731	0.031092565214504014
0.732	0.03185801832903965
0.733	0.032639221728342785
0.734	0.03343642637096594
0.735	0.03424988573093461
0.736	0.03507985579717959
0.737	0.03592659508040478
0.738	0.0367903646199536
0.739	0.037671427977258386
0.74	0.03857005123253758
0.741	0.03948650298186223
0.742	0.04042105433422237
0.743	0.041373978908593526
0.744	0.04234555283100312
0.745	0.04333605473159694
0.746	0.04434576574170556
0.747	0.04537496948799597
0.748	0.04642395206742611
0.749	0.04749300206364063
0.75	0.04858241055537628
0.751	0.04969247110584952
0.752	0.05082347975194909
0.753	0.05197573499342856
0.754	0.05314953778209891
0.755	0.0543451915110211
0.756	0.05556300200369863
0.757	0.05680327750327011
0.758	0.05806632866170184
0.759	0.05935246852898035
0.76	0.060662012542103995
0.761	0.061995278513814485
0.762	0.06335258663834803
0.763	0.06473425948843611
0.764	0.06614062199913444
0.765	0.06757200145124313
0.766	0.0690287274547271
0.767	0.07051113193213632
0.768	0.07201954910202611
0.769	0.07355431546237753
0.77	0.07511576977401756
0.771	0.07670425304403947
0.772	0.07832010850922314
0.773	0.07996368161940828
0.774	0.08163532001844842
0.775	0.08333537353872014
0.776	0.08506419419930601
0.777	0.08682213618512237
0.778	0.08860955582444147
0.779	0.0904268115664136
0.78	0.09227426395858923
0.781	0.09415227562444115
0.782	0.09606121124088651
0.783	0.09800143751580913
0.784	0.0999733231655814
0.785	0.1019772388925866
0.786	0.10401355736274095
0.787	0.10608265318420015
0.788	0.10818490289635704
0.789	0.11032068495574363
0.79	0.1124903797102057
0.791	0.11469436937205033
0.792	0.11693303799119313
0.793	0.11920677142830578
0.794	0.12151595732796336
0.795	0.12386098509179178
0.796	0.1262422458516152
0.797	0.12866013244260338
0.798	0.13111503937641913
0.799	0.13360736281436575
0.8	0.13613750053817414
0.801	0.1387058519147987
0.802	0.1413128178928898
0.803	0.1439588009815145
0.804	0.14664420521723637
0.805	0.14936943613115358
0.806	0.1521349007159371
0.807	0.154941007392869
0.808	0.15778816597888046
0.809	0.1606767876535901
0.81	0.16360728492634205
0.811	0.16658007160324428
0.812	0.1695955627542067
0.8130000000000001	0.1726541746793489
0.8140000000000001	0.1757563248735186
0.8150000000000001	0.1789024320203997
0.8160000000000001	0.1820929159731492
0.8170000000000001	0.1853281977167976
0.8180000000000001	0.1886086993302613
0.8190000000000001	0.19193484394835497
0.8200000000000001	0.1953070557238038
0.8210000000000001	0.19872575978925602
0.8220000000000001	0.20219138221929528
0.8230000000000001	0.20570434999245293
0.8240000000000001	0.2092650909532205
0.8250000000000001	0.21287403377406192
0.8260000000000001	0.21653160791750173
0.8270000000000001	0.2202382436069023
0.8280000000000001	0.22399437181665716
0.8290000000000001	0.22780042424194294
0.8300000000000001	0.2316568332587419
0.8310000000000001	0.23556403188380193
0.8320000000000001	0.23952245373459655
0.833	0.2435325329892846
0.834	0.24759470434667188
0.835	0.25170940298616873
0.836	0.2558770645277516
0.837	0.2600981249919229
0.838	0.26437302075967084
0.839	0.26870218853247285
0.84	0.2730860653242803
0.841	0.2775250884708938
0.842	0.28201969550948
0.843	0.2865703241300129
0.844	0.29117741214353016
0.845	0.2958413974503895
0.846	0.30056271800852513
0.847	0.30534181180170383
0.848	0.31017911680778176
0.849	0.31507507096696064
0.85	0.320030112150044
0.851	0.3250446781266939
0.852	0.33011920653368704
0.853	0.33525413483735733
0.854	0.34044990025064975
0.855	0.3457069396690384
0.856	0.35102568963979075
0.857	0.35640658633022937
0.858	0.36185006549598864
0.859	0.36735656244927073
0.86	0.3729265120271025
0.861	0.3785603485595912
0.862	0.3842585058381816
0.863	0.3900214170839115
0.864	0.3958495149096565
0.865	0.40174323124542477
0.866	0.4077029972769619
0.867	0.41372924341198974
0.868	0.41982239924779774
0.869	0.4259828935388339
0.87	0.43221115416429623
0.871	0.4385076080957235
0.872	0.4448726813645866
0.873	0.4513067990298796
0.874	0.4578103851456965
0.875	0.46438386272104465
0.876	0.47102765364583166
0.877	0.4777421786355428
0.878	0.4845278571985483
0.879	0.49138510760430776
0.88	0.49831434685157516
0.881	0.5053159906366037
0.882	0.5123904533213504
0.883	0.5195381479016805
0.884	0.5267594859755732
0.885	0.5340548777111409
0.886	0.5414247318005244
0.887	0.5488694553873856
0.888	0.556389454023694
0.889	0.5639851316383544
0.89	0.5716568905058824
0.891	0.5794051312150786
0.892	0.5872302526377038
0.893	0.5951326518971534
0.894	0.6031127243371324
0.895	0.6111708634903302
0.896	0.6193074610495624
0.897	0.6275229068550933
0.898	0.6358175887946305
0.899	0.6441918927286656
0.9	0.6526462024688477
0.901	0.6611808997575115
0.902	0.6697963642472049
0.903	0.6784929734802185
0.904	0.6872711028681128
0.905	0.6961311256712462
0.906	0.7050734129783046
0.907	0.7140983336976154
0.908	0.723206254564303
0.909	0.7323975399192549
0.91	0.7416725516213527
0.911	0.7510316490501633
0.912	0.760475189109137
0.913	0.7700035262288056
0.914	0.7796170123699793
0.915	0.7893159970269449
0.916	0.7991008272306637
0.917	0.808971847551969
0.918	0.8189294000338443
0.919	0.8289738238804693
0.92	0.8391054555984789
0.921	0.8493246290456637
0.922	0.8596316753865267
0.923	0.8700269230478198
0.924	0.8805106976740806
0.925	0.8910833220831681
0.926	0.9017451162217991
0.927	0.9124963971210847
0.928	0.9233374788520285
0.929	0.9342686724585714
0.93	0.9452902859786512
0.931	0.9564026245926514
0.932	0.9676059905819102
0.933	0.9789006832583218
0.934	0.9902869988939388
0.935	1.0017652306505744
0.936	1.0133356685094042
0.937	1.024998599200568
0.9380000000000001	1.03675430613481
0.9390000000000001	1.0486030694388035
0.9400000000000001	1.060545166146512
0.9410000000000001	1.0725808701971014
0.9420000000000001	1.08471045236409
0.9430000000000001	1.0969341801840407
0.9440000000000001	1.1092523178852567
0.9450000000000001	1.1216651263164752
0.9460000000000001	1.134172862875563
0.9470000000000001	1.1467757814382877
0.9480000000000001	1.159474132335034
0.9490000000000001	1.172268162533854
0.9500000000000001	1.1851581157112345
0.9510000000000001	1.198144232192841
0.9520000000000001	1.2112267488897714
0.9530000000000001	1.224405899234808
0.9540000000000001	1.23768191311867
0.9550000000000001	1.251055016826267
0.9560000000000001	1.264525432972951
0.9570000000000001	1.2780933804483936
0.9580000000000001	1.2917590745021639
0.9590000000000001	1.3055227269002165
0.96	1.3193845458987068
0.961	1.33334473618791
0.962	1.347403498836144
0.963	1.3615610312337112
0.964	1.3758175270368291
0.965	1.3901731761115659
0.966	1.4046281644779952
0.967	1.419182674304874
0.968	1.4338368840708309
0.969	1.448590968611013
0.97	1.4634450990711647
0.971	1.478399442859448
0.972	1.4934541635982665
0.973	1.5086094210760852
0.974	1.5238653711992547
0.975	1.5392221659438314
0.976	1.5546799533128923
0.977	1.570238877410316
0.978	1.5858990785869533
0.979	1.601660693423748
0.98	1.6175238546835287
0.981	1.6334886912627775
0.982	1.6495553281434003
0.983	1.6657238863444956
0.984	1.6819944828741238
0.985	1.698367230683786
0.986	1.7148422387661573
0.987	1.7314196123120558
0.988	1.7480994525662068
0.989	1.7648818567930187
0.99	1.7817669183232583
0.991	1.7987547264994144
0.992	1.8158453666890448
0.993	1.833038920298298
0.994	1.850335464730118
0.995	1.867735073412269
0.996	1.8852378157851815
0.997	1.9028437572852155
0.998	1.9205529593627302
0.999	1.938365479467698
1.	1.956224950632568
1.0010000000000001	1.954245508933672
1.002	1.9522027540937066
1.0030000000000001	1.950153114922254
1.004	1.9480966036061225
1.0050000000000001	1.946033232723201
1.006	1.9439630149539822
1.0070000000000001	1.9418859633905206
1.008	1.939802091451438
1.0090000000000001	1.9377114126934865
1.01	1.9356139410290372
1.0110000000000001	1.9335096906453104
1.012	1.931398676006848
1.0130000000000001	1.9292809118596506
1.014	1.9271564132273262
1.0150000000000001	1.9250251954100424
1.016	1.922887273983143
1.0170000000000001	1.920742664795852
1.018	1.9185913839704727
1.0190000000000001	1.9164334478980838
1.02	1.9142688732348725
1.0210000000000001	1.9120976769097768
1.022	1.9099198761237894
1.0230000000000001	1.9077354883476005
1.024	1.9055445313192476
1.025	1.9033470230417595
1.026	1.9011429817808028
1.027	1.8989324260623304
1.028	1.8967153746702246
1.029	1.8944918466439462
1.03	1.8922618612761788
1.031	1.890025438110238
1.032	1.8877825969310877
1.033	1.8855333577732953
1.034	1.8832777409357764
1.035	1.881015766978398
1.036	1.8787474567174915
1.037	1.8764728312213705
1.038	1.8741919118058437
1.039	1.8719047200297323
1.04	1.8696112776903844
1.041	1.867311606819191
1.042	1.8650057296771003
1.043	1.8626936687501356
1.044	1.8603754467453233
1.045	1.858051086597603
1.046	1.8557206114858908
1.047	1.8533840448323533
1.048	1.8510414102978536
1.049	1.8486927317773998
1.05	1.8463380333955866
1.051	1.843977339502044
1.052	1.841610674666878
1.053	1.8392380636761196
1.054	1.8368595315271667
1.055	1.834475103424232
1.056	1.8320848047737837
1.057	1.8296886611821443
1.058	1.8272866984689768
1.059	1.8248789426752319
1.06	1.8224654200591295
1.061	1.8200461570919593
1.062	1.817621180453874
1.063	1.8151905170296918
1.064	1.8127541939046892
1.065	1.8103122383604024
1.066	1.8078646778704217
1.067	1.805411540096192
1.068	1.8029528528828072
1.069	1.800488644254828
1.07	1.7980189424170245
1.071	1.7955437757675048
1.072	1.7930631728980002
1.073	1.7905771625898412
1.074	1.7880857738102192
1.075	1.7855890357084587
1.076	1.7830869776122813
1.077	1.7805796290240758
1.078	1.7780670196171622
1.079	1.7755491792320632
1.08	1.7730261378727674
1.081	1.7704979257030011
1.082	1.7679645730427065
1.083	1.7654261103718973
1.084	1.762882568338583
1.085	1.76033397775538
1.086	1.7577803695961232
1.087	1.7552217749926218
1.088	1.752658225231405
1.089	1.750089751750475
1.09	1.747516386136055
1.091	1.7449381601193426
1.092	1.7423551055732558
1.093	1.7397672545091876
1.094	1.7371746390737517
1.095	1.7345772915460416
1.096	1.7319752443409575
1.097	1.7293685300119728
1.098	1.7267571812484384
1.099	1.7241412308730113
1.1	1.7215207118390796
1.101	1.718895657228198
1.102	1.7162661002475128
1.103	1.7136320742271984
1.104	1.7109936126178815
1.105	1.708350748988077
1.106	1.705703517021613
1.107	1.7030519505150676
1.108	1.7003960833751925
1.109	1.6977359496163493
1.11	1.6950715833579353
1.111	1.6924030188218173
1.112	1.6897302903297593
1.113	1.6870534323044375
1.114	1.6843724792981614
1.115	1.6816874659694048
1.116	1.6789984270589098
1.117	1.6763053973892423
1.118	1.6736084118646395
1.119	1.6709075054708638
1.12	1.668202713275048
1.121	1.6654940704255516
1.122	1.6627816121518053
1.123	1.6600653737641664
1.124	1.6573453906537643
1.125	1.6546216982923554
1.1260000000000001	1.6518943322321686
1.127	1.649163328105761
1.1280000000000001	1.646428721625862
1.129	1.64369054858523
1.1300000000000001	1.6409488448564966
1.131	1.6382036463879763
1.1320000000000001	1.6354549891540515
1.133	1.6327029091693654
1.1340000000000001	1.6299474425218559
1.135	1.6271886253689478
1.1360000000000001	1.6244264939329307
1.137	1.6216610844963484
1.1380000000000001	1.6188924333973749
1.139	1.6161205770252047
1.1400000000000001	1.61334555181543
1.141	1.6105673942454288
1.1420000000000001	1.6077861408297431
1.143	1.605001828115467
1.1440000000000001	1.6022144926776258
1.145	1.5994241711152646
1.1460000000000001	1.5966309000803558
1.147	1.5938347162911266
1.1480000000000001	1.5910356564886072
1.149	1.5882337574335046
1.1500000000000001	1.5854290559067044
1.151	1.5826215887097808
1.1520000000000001	1.5798113926654984
1.153	1.5769985046183232
1.154	1.5741829614349236
1.155	1.5713648000046785
1.156	1.5685440572401852
1.157	1.565720770077761
1.158	1.562894975477954
1.159	1.5600667104260362
1.16	1.5572360119204744
1.161	1.5544029169443119
1.162	1.5515674624857754
1.163	1.5487296855417882
1.164	1.5458896231156007
1.165	1.5430473122144104
1.166	1.540202789846993
1.167	1.537356093021321
1.168	1.5345072587421964
1.169	1.531656324008869
1.17	1.5288033258126676
1.171	1.5259483011346202
1.172	1.5230912869430842
1.173	1.5202323201913666
1.174	1.5173714378174403
1.175	1.5145086767536942
1.176	1.5116440739177466
1.177	1.508777666205891
1.178	1.5059094904920842
1.179	1.5030395836269426
1.18	1.5001679824367493
1.181	1.4972947237224488
1.182	1.4944198442586547
1.183	1.4915433807926441
1.184	1.488665370043366
1.185	1.485785848700435
1.186	1.482904853423139
1.187	1.4800224208394355
1.188	1.477138587544675
1.189	1.474253390095347
1.19	1.4713668650059752
1.191	1.4684790487506483
1.192	1.465589977761759
1.193	1.4626996884286243
1.194	1.4598082170961166
1.195	1.4569156000632841
1.196	1.4540218735819805
1.197	1.4511270738554858
1.198	1.4482312370371366
1.199	1.445334399228947
1.2	1.4424365964802381
1.201	1.4395378647862593
1.202	1.4366382400868272
1.203	1.4337377582655388
1.204	1.430836455148211
1.205	1.4279343665001545
1.206	1.4250315280249324
1.207	1.4221279753632436
1.208	1.4192237440918187
1.209	1.4163188697223044
1.21	1.413413387700159
1.211	1.4105073334035376
1.212	1.4076007421421868
1.213	1.4046936491563295
1.214	1.4017860896155607
1.215	1.3988780986177323
1.216	1.395969711187847
1.217	1.393060962276669
1.218	1.3901518867583735
1.219	1.3872425194293767
1.22	1.3843328950074139
1.221	1.3814230481304957
1.222	1.3785130133558787
1.223	1.375602825159022
1.224	1.3726925179325569
1.225	1.3697821259852445
1.226	1.3668716835409445
1.227	1.3639612247375734
1.228	1.361050783626073
1.229	1.3581403941693693
1.23	1.3552300902413397
1.231	1.3523199056258508
1.232	1.3494098740160454
1.233	1.3465000290123887
1.234	1.3435904041213276
1.235	1.340681032754426
1.236	1.337771948227512
1.237	1.334863183759816
1.238	1.3319547724731164
1.239	1.3290467473908794
1.24	1.3261391414374053
1.241	1.3232319874369658
1.242	1.3203253181129524
1.243	1.3174191660870123
1.244	1.314513563878198
1.245	1.3116085439021028
1.246	1.30870413847001
1.247	1.3058003797880289
1.248	1.3028972999562434
1.249	1.2999949309678485
1.25	1.2970933047082798
1.2510000000000001	1.2941924529526032
1.252	1.291292407363742
1.2530000000000001	1.2883931994950557
1.254	1.285494860789862
1.2550000000000001	1.2825974225805672
1.256	1.2797009160878055
1.2570000000000001	1.2768053724195685
1.258	1.2739108225703468
1.2590000000000001	1.2710172974202576
1.26	1.2681248277341866
1.2610000000000001	1.2652334441609159
1.262	1.262343177232266
1.2630000000000001	1.2594540573622237
1.264	1.2565661148460838
1.2650000000000001	1.253679379859577
1.266	1.2507938824580114
1.2670000000000001	1.247909652575402
1.268	1.2450267200236098
1.2690000000000001	1.2421451144914728
1.27	1.2392648655442433
1.2710000000000001	1.2363860026255116
1.272	1.2335085550570257
1.2730000000000001	1.2306325520373564
1.274	1.227758022641289
1.2750000000000001	1.224884995819207
1.276	1.2220135003964903
1.2770000000000001	1.2191435650728992
1.278	1.2162752184219723
1.2790000000000001	1.2134084888904109
1.28	1.2105434047974752
1.281	1.2076799943343721
1.282	1.2048182855636465
1.283	1.2019583064185746
1.284	1.1991000847025517
1.285	1.1962436480884862
1.286	1.1933890241181866
1.287	1.190536240201758
1.288	1.1876853236169873
1.289	1.1848363015087489
1.29	1.1819892008895196
1.291	1.1791440486406997
1.292	1.1763008715113217
1.293	1.1734596961175232
1.294	1.1706205489421608
1.295	1.1677834563344363
1.296	1.1649484445095089
1.297	1.1621155395481224
1.298	1.1592847673962179
1.299	1.1564561538645592
1.3	1.1536297246283473
1.301	1.1508055052268449
1.302	1.1479835210629907
1.303	1.1451637974030253
1.304	1.1423463593761036
1.305	1.1395312319739215
1.306	1.136718440050329
1.307	1.133908008320956
1.308	1.131099961362826
1.309	1.1282943236142173
1.31	1.125491119376175
1.311	1.1226903728119402
1.312	1.1198921079460555
1.313	1.1170963486642043
1.314	1.1143031187130419
1.315	1.1115124417000395
1.316	1.1087243410933172
1.317	1.1059388402214858
1.318	1.103155962273481
1.319	1.1003757302984045
1.32	1.0975981672053594
1.321	1.0948232957632902
1.322	1.0920511386008178
1.323	1.0892817182060814
1.324	1.0865150569265716
1.325	1.083751176968973
1.326	1.0809901003989977
1.327	1.0782318491412273
1.328	1.0754764449789513
1.329	1.0727239095544943
1.33	1.0699742643697008
1.331	1.067227530785362
1.332	1.0644837300211298
1.333	1.061742883155514
1.334	1.059005011125872
1.335	1.056270134728407
1.336	1.0535382746181556
1.337	1.0508094513089878
1.338	1.0480836851735944
1.339	1.0453609964434853
1.34	1.0426414052089792
1.341	1.0399249314192
1.342	1.037211594882068
1.343	1.0345014152642955
1.344	1.031794412091378
1.345	1.0290906047475903
1.346	1.0263900124759762
1.347	1.0236926543783471
1.348	1.0209985494153622
1.349	1.018307716407232
1.35	1.0156201740335986
1.351	1.0129359408333731
1.352	1.0102550352048565
1.353	1.007577475405869
1.354	1.004903279553871
1.355	1.0022324656260926
1.356	0.9995650514596545
1.357	0.9969010547516984
1.358	0.9942404930595076
1.359	0.9915833838006364
1.36	0.9889297442530315
1.361	0.9862795915551619
1.362	0.9836329427061392
1.363	0.9809898145658482
1.364	0.9783502238550671
1.365	0.9757141871555975
1.366	0.973081720910386
1.367	0.970452841423657
1.368	0.96782756486138
1.369	0.9652059072517712
1.37	0.9625878844850333
1.371	0.9599735123135396
1.372	0.9573628063520673
1.373	0.9547557820780386
1.374	0.9521524548317537
1.375	0.949552839816632
1.3760000000000001	0.9469569520994452
1.377	0.9443648066105587
1.3780000000000001	0.941776418144164
1.379	0.9391918013585208
1.3800000000000001	0.9366109707761893
1.381	0.9340339407842718
1.3820000000000001	0.9314607256346458
1.383	0.9288913394442048
1.3840000000000001	0.9263257961950917
1.385	0.9237641097349402
1.3860000000000001	0.9212062937771069
1.387	0.9186523619009934
1.3880000000000001	0.9161023275527983
1.389	0.9135562040454573
1.3900000000000001	0.9110140045586836
1.391	0.9084757421393035
1.3920000000000001	0.9059414297015841
1.393	0.903411080027571
1.3940000000000001	0.9008847057674164
1.395	0.8983623194397156
1.3960000000000001	0.8958439334318358
1.397	0.8933295600002527
1.3980000000000001	0.890819211270879
1.399	0.8883128992394016
1.4000000000000001	0.8858106357716091
1.401	0.8833124326037296
1.4020000000000001	0.8808183013427583
1.403	0.878328253466795
1.4040000000000001	0.8758423003253722
1.405	0.8733604531397918
1.4060000000000001	0.8708827230034538
1.407	0.8684091208821929
1.408	0.8659396576146074
1.409	0.863474343912394
1.41	0.8610131903606809
1.411	0.8585562074183578
1.412	0.8561034054185145
1.413	0.8536547945697919
1.414	0.8512103849561877
1.415	0.8487701865367014
1.416	0.8463342091457573
1.417	0.8439024624936327
1.418	0.8414749561668933
1.419	0.8390516996288221
1.42	0.8366327022198542
1.421	0.8342179731580053
1.422	0.8318075215393073
1.423	0.8294013563382362
1.424	0.8269994864081486
1.425	0.8246019204817081
1.426	0.822208667171323
1.427	0.8198197349695729
1.428	0.8174351322496449
1.429	0.8150548672657616
1.43	0.8126789481536171
1.431	0.8103073829308046
1.432	0.8079401794972523
1.433	0.8055773456356514
1.434	0.8032188890118922
1.435	0.8008648171754914
1.436	0.7985151375600283
1.437	0.7961698574835596
1.438	0.7938289841487673
1.439	0.7914925246431986
1.44	0.7891604859398433
1.441	0.7868328748975999
1.442	0.7845096982617438
1.443	0.7821909626643874
1.444	0.7798766746249483
1.445	0.7775668405506098
1.446	0.7752614667367885
1.447	0.7729605593675952
1.448	0.7706641245163026
1.449	0.7683721681458058
1.45	0.7660846961090902
1.451	0.7638017141496922
1.452	0.7615232279021669
1.453	0.7592492428925484
1.454	0.7569797645388183
1.455	0.7547147981513658
1.456	0.7524543489334558
1.457	0.7501984219816887
1.458	0.7479470222864698
1.459	0.7457001547324681
1.46	0.7434578240990856
1.461	0.7412200350609167
1.462	0.7389867921882172
1.463	0.7367580999473443
1.464	0.734533962701129
1.465	0.7323143847093028
1.466	0.7300993701289863
1.467	0.7278889230151716
1.468	0.7256830473212127
1.469	0.7234817468993069
1.47	0.7212850255009856
1.471	0.7190928867775968
1.472	0.716905334280794
1.473	0.7147223714630196
1.474	0.7125440016779948
1.475	0.7103702281812012
1.476	0.7082010541303717
1.477	0.7060364825859722
1.478	0.7038765165116918
1.479	0.7017211587749255
1.48	0.6995704121472636
1.481	0.6974242793049743
1.482	0.695282762829494
1.483	0.6931458652079091
1.484	0.6910135888334463
1.485	0.6888859360059552
1.486	0.6867629089323974
1.487	0.6846445097273273
1.488	0.6825307404131674
1.489	0.6804216029205457
1.49	0.6783170990890829
1.491	0.6762172306679015
1.492	0.6741219993161089
1.493	0.6720314066032739
1.494	0.6699454540099101
1.495	0.6678641429279535
1.496	0.6657874746612447
1.497	0.6637154504260065
1.498	0.6616480713513275
1.499	0.659585338479638
1.5	0.6575272527671941
1.5010000000000001	0.6554738150845545
1.502	0.6534250262170634
1.5030000000000001	0.6513808868653281
1.504	0.6493413976457016
1.5050000000000001	0.64730655909076
1.506	0.6452763716497854
1.5070000000000001	0.643250835689243
1.508	0.6412299514932648
1.5090000000000001	0.6392137192641256
1.51	0.6372021391227273
1.5110000000000001	0.6351952111090751
1.512	0.6331929351827608
1.5130000000000001	0.6311953112233992
1.514	0.6292023390311111
1.5150000000000001	0.627214018327131
1.516	0.6252303487542972
1.5170000000000001	0.6232513298775175
1.518	0.6212769611842411
1.5190000000000001	0.6193072420849247
1.52	0.6173421719135042
1.5210000000000001	0.6153817499278609
1.522	0.6134259753102932
1.5230000000000001	0.6114748471679827
1.524	0.6095283645334665
1.5250000000000001	0.6075865263651019
1.526	0.60564933154754
1.5270000000000001	0.6037167788921904
1.528	0.6017888671376938
1.5290000000000001	0.5998655949503873
1.53	0.5979469609247773
1.5310000000000001	0.5960329635840046
1.532	0.5941236013803165
1.5330000000000001	0.5922188726955333
1.534	0.5903187758415194
1.5350000000000001	0.5884233090606497
1.536	0.5865324705262819
1.537	0.5846462583432218
1.538	0.5827646705481742
1.539	0.5808877051102008
1.54	0.5790153599312772
1.541	0.577147632846764
1.542	0.575284521625853
1.543	0.5734260239720208
1.544	0.5715721375234741
1.545	0.5697228598536033
1.546	0.5678781884714281
1.547	0.566038120822051
1.548	0.5642026542871029
1.549	0.5623717861851966
1.55	0.5605455137723724
1.551	0.5587238342425517
1.552	0.5569067447279822
1.553	0.5550942422996921
1.554	0.553286323967935
1.555	0.5514829866826437
1.556	0.5496842273338761
1.557	0.547890042752268
1.558	0.5461004297094794
1.559	0.5443153849186473
1.56	0.5425349050348323
1.561	0.5407589866554706
1.562	0.5389876263208216
1.563	0.5372208205143626
1.564	0.5354585656630588
1.565	0.5337008581380241
1.566	0.5319476942550136
1.567	0.5301990702748459
1.568	0.5284549824038177
1.569	0.5267154267941252
1.57	0.5249803995442798
1.571	0.5232498966995285
1.572	0.5215239142522701
1.573	0.5198024481424753
1.574	0.5180854942581034
1.575	0.5163730484355219
1.576	0.5146651064599232
1.577	0.5129616640657452
1.578	0.511262716937086
1.579	0.5095682607081263
1.58	0.5078782909635439
1.581	0.5061928032389349
1.582	0.5045117930212293
1.583	0.502835255749112
1.584	0.5011631868134385
1.585	0.49949558155765517
1.586	0.49783243527821547
1.587	0.4961737432250008
1.588	0.4945195006017016
1.589	0.49286970256607343
1.59	0.491224344230516
1.591	0.4895834206625576
1.592	0.4879469268852356
1.593	0.4863148578774829
1.594	0.4846872085745083
1.595	0.48306397386818284
1.596	0.4814451486074203
1.597	0.4798307275985633
1.598	0.47822070560576413
1.599	0.47661507735137043
1.6	0.4750138375163064
1.601	0.47341698074045846
1.602	0.471824501623056
1.603	0.4702363947230578
1.604	0.468652654559532
1.605	0.467073275612043
1.606	0.4654982523210314
1.607	0.46392757908820076
1.608	0.46236125027689756
1.609	0.4607992602124978
1.61	0.4592416031827875
1.611	0.45768827343834884
1.612	0.45613926519294057
1.613	0.454594572623787
1.614	0.45305418987119855
1.615	0.4515181110395259
1.616	0.44998633019803913
1.617	0.4484588413812668
1.618	0.44693563858932434
1.619	0.4454167157882478
1.62	0.4439020669103224
1.621	0.44239168585441613
1.622	0.44088556648630806
1.623	0.43938370263902243
1.624	0.4378860881131568
1.625	0.436392716677216
1.6260000000000001	0.4349035820679403
1.627	0.43341867799063927
1.6280000000000001	0.4319379981195204
1.629	0.43046153609802246
1.6300000000000001	0.4289892855391443
1.631	0.4275212400257783
1.6320000000000001	0.426057393111039
1.633	0.4245977383185968
1.6340000000000001	0.42314226914300634
1.635	0.4216909790500401
1.6360000000000001	0.4202438614770172
1.637	0.41880090983313684
1.6380000000000001	0.41736211749980673
1.639	0.4159274778309771
1.6400000000000001	0.41449698415346875
1.641	0.41307062976730713
1.6420000000000001	0.4116484079460505
1.643	0.41023031193712395
1.6440000000000001	0.40881633496214753
1.645	0.4074064702172701
1.6460000000000001	0.40600071087349804
1.647	0.4045990500770284
1.6480000000000001	0.4032014809495611
1.649	0.40180799658804883
1.6500000000000001	0.40041859006504715
1.651	0.39903325442988374
1.6520000000000001	0.39765198270898594
1.653	0.3962747679061544
1.6540000000000001	0.3949016030028326
1.655	0.39353248095838095
1.6560000000000001	0.39216739471034556
1.657	0.3908063371747328
1.6580000000000001	0.3894493012462781
1.659	0.38809627979872025
1.6600000000000001	0.3867472656850705
1.661	0.38540225173788667
1.6620000000000001	0.38406123076954224
1.663	0.38272419557250037
1.6640000000000001	0.38139113891958343
1.665	0.3800620535642466
1.666	0.3787369322408477
1.667	0.3774157676649195
1.668	0.37609855253344243
1.669	0.374785279525114
1.67	0.37347594130062284
1.671	0.37217053050291793
1.672	0.3708690397574826
1.673	0.36957146167260385
1.674	0.36827778883964624
1.675	0.36698801383332114
1.676	0.3657021292119608
1.677	0.36442012751778774
1.678	0.3631420012771883
1.679	0.3618677430009824
1.68	0.3605973451846972
1.681	0.3593308003088365
1.682	0.3580681008391547
1.683	0.3568092392269259
1.684	0.3555542079090493
1.685	0.35430299930810627
1.686	0.353055605833261
1.687	0.3518120198806097
1.688	0.3505722338334031
1.689	0.34933624006226366
1.69	0.348104030925408
1.691	0.34687559876886437
1.692	0.34565093592669494
1.693	0.34443003472121314
1.694	0.343212887463206
1.695	0.34199948645215167
1.696	0.3407898239764415
1.697	0.3395838923135978
1.698	0.3383816837304959
1.699	0.33718319048358153
1.7	0.33598840481909337
1.701	0.33479731897328036
1.702	0.3336099251726238
1.703	0.33242621563405517
1.704	0.33124618256517807
1.705	0.330069818164486
1.706	0.3288971146215842
1.707	0.3277280641174077
1.708	0.32656265882444285
1.709	0.32540089090694563
1.71	0.324242752521163
1.711	0.3230882358155514
1.712	0.3219373329309979
1.713	0.3207900360010387
1.714	0.3196463371520805
1.715	0.31850622850361876
1.716	0.31736970216845933
1.717	0.31623675025293635
1.718	0.3151073648571342
1.719	0.31398153807506
1.72	0.31285926199460107
1.721	0.31174052869811614
1.722	0.3106253302628583
1.723	0.30951365876114806
1.724	0.3084055062605488
1.725	0.3073008648240385
1.726	0.30619972651018534
1.727	0.30510208337331907
1.728	0.30400792746370675
1.729	0.3029172508277242
1.73	0.3018300455080317
1.731	0.3007463035437455
1.732	0.2996660169706132
1.733	0.2985891778211857
1.734	0.2975157781249924
1.735	0.296445809908713
1.736	0.29537926519635294
1.737	0.29431613600941503
1.738	0.29325641436707506
1.739	0.2922000922863532
1.74	0.29114716178228967
1.741	0.29009761486811647
1.742	0.28905144355543255
1.743	0.2880086398543759
1.744	0.2869691957737986
1.745	0.2859331033214387
1.746	0.2849003545040956
1.747	0.28387094132780205
1.748	0.28284485579799895
1.749	0.28182208991970764
1.75	0.28080263569770514
1.7510000000000001	0.27978648513669574
1.752	0.2787736302414865
1.7530000000000001	0.27776406301715906
1.754	0.2767577754692363
1.7550000000000001	0.27575475960361984
1.756	0.2747550074268462
1.7570000000000001	0.2737585109465975
1.758	0.2727652621718556
1.7590000000000001	0.2717752531130324
1.76	0.2707884757821038
1.7610000000000001	0.26980492219273944
1.762	0.268824584360437
1.7630000000000001	0.26784745430265205
1.764	0.26687352403893194
1.7650000000000001	0.26590278559104596
1.766	0.26493523098311916
1.7670000000000001	0.2639708522417626
1.768	0.26300964139620686
1.7690000000000001	0.26205159047843263
1.77	0.26109669152330417
1.7710000000000001	0.26014493656869964
1.772	0.2591963176556449
1.7730000000000001	0.2582508268284436
1.774	0.2573084561348109
1.7750000000000001	0.25636919762600413
1.776	0.2554330433569558
1.7770000000000001	0.25449998538640456
1.778	0.2535700157770283
1.7790000000000001	0.25264312659557503
1.78	0.251719309912996
1.7810000000000001	0.2507985578045763
1.782	0.2498808623500686
1.7830000000000001	0.24896621563382315
1.784	0.24805460974492177
1.7850000000000001	0.2471460367773079
1.786	0.24624048882992045
1.7870000000000001	0.245337958006824
1.788	0.2444384364173425
1.7890000000000001	0.2435419161761895
1.79	0.24264838940351552
1.7910000000000001	0.2417578482249328
1.792	0.2408702847719139
1.793	0.23998569118194152
1.794	0.23910405959860634
1.795	0.2382253821717054
1.796	0.23734965105733802
1.797	0.23647685841800486
1.798	0.2356069964227039
1.799	0.23474005724702954
1.8	0.2338760330732683
1.801	0.23301491609049804
1.802	0.23215669849468396
1.803	0.23130137248877736
1.804	0.23044893028281188
1.805	0.22959936409400225
1.806	0.2287526661468405
1.807	0.2279088286731947
1.808	0.2270678439124052
1.809	0.2262297041113834
1.81	0.22539440152470783
1.811	0.22456192841472308
1.812	0.22373227705163595
1.813	0.22290543971361412
1.814	0.22208140868688245
1.815	0.22126017626582176
1.816	0.2204417347530649
1.817	0.2196260764595957
1.818	0.21881319370484498
1.819	0.21800307881678951
1.82	0.217195724132048
1.821	0.21639112199598004
1.822	0.2155892647627822
1.823	0.21479014479558683
1.824	0.21399375446655827
1.825	0.21320008615695177
1.826	0.21240913225696284
1.827	0.21162088516602537
1.828	0.2108353372930313
1.829	0.21005248105639995
1.83	0.2092723088841436
1.831	0.20849481321393618
1.832	0.2077199864931789
1.833	0.20694782117906882
1.834	0.2061783097386645
1.835	0.2054114446489546
1.836	0.20464721839692368
1.837	0.20388562347962047
1.838	0.20312665240422392
1.839	0.20237029768811143
1.84	0.2016165518589248
1.841	0.2008654074546386
1.842	0.20011685702362603
1.843	0.19937089312472728
1.844	0.1986275083273155
1.845	0.19788669521136498
1.846	0.19714844636751727
1.847	0.19641275439714936
1.848	0.19567961191243963
1.849	0.19494901153643626
1.85	0.19422094590312308
1.851	0.19349540765748788
1.852	0.19277238945558833
1.853	0.19205188396462047
1.854	0.19133388386298442
1.855	0.19061838184035276
1.856	0.18990537059773657
1.857	0.18919484284755364
1.858	0.1884867913136944
1.859	0.18778120873159032
1.86	0.18707808784827384
1.861	0.1863774214222972
1.862	0.18567920222380002
1.863	0.1849834230347338
1.864	0.18429007664891306
1.865	0.18359915587205916
1.866	0.1829106535218421
1.867	0.18222456242792445
1.868	0.18154087543200317
1.869	0.18085958538785352
1.87	0.18018068516137078
1.871	0.17950416763061428
1.872	0.17883002568584908
1.873	0.17815825222959003
1.874	0.17748884017664343
1.875	0.176821782454151
1.8760000000000001	0.17615707200163166
1.877	0.17549470177102555
1.8780000000000001	0.1748346647267356
1.879	0.17417695384567167
1.8800000000000001	0.17352156211729222
1.881	0.17286848254364834
1.8820000000000001	0.17221770813942533
1.883	0.17156923193198692
1.8840000000000001	0.17092304696141675
1.885	0.1702791462805625
1.8860000000000001	0.1696375229550777
1.887	0.16899817006346543
1.8880000000000001	0.1683610806971203
1.889	0.16772624796037242
1.8900000000000001	0.16709366497052894
1.891	0.1664633248579182
1.8920000000000001	0.1658352207659315
1.893	0.16520934585106686
1.8940000000000001	0.16458569328297099
1.895	0.1639642562444829
1.8960000000000001	0.1633450279315978
1.897	0.1627280015533823
1.8980000000000001	0.16211317033217607
1.899	0.1615005275036498
1.9000000000000001	0.16089006631682715
1.901	0.16028178003410926
1.9020000000000001	0.15967566193129665
1.903	0.15907170529761355
1.9040000000000001	0.1584699034357301
1.905	0.1578702496617865
1.9060000000000001	0.1572727373054153
1.907	0.1566773597097654
1.9080000000000001	0.15608411023152446
1.909	0.15549298224094296
1.9100000000000001	0.15490396912185642
1.911	0.1543170642717096
1.9120000000000001	0.15373226110157878
1.913	0.1531495530361958
1.9140000000000001	0.15256893351397027
1.915	0.151990395987014
1.9160000000000001	0.1514139339211628
1.917	0.1508395407960011
1.9180000000000001	0.15026721010488375
1.919	0.1496969353549605
1.92	0.14912871006719822
1.921	0.1485625277764044
1.922	0.14799838203125085
1.923	0.1474362663942959
1.924	0.1468761744420087
1.925	0.1463180997647913
1.926	0.14576203596700296
1.927	0.14520797666698224
1.928	0.14465591549707127
1.929	0.1441058461036379
1.93	0.14355776214709998
1.931	0.14301165730192547
1.932	0.14246752525652054
1.933	0.14192535971331813
1.934	0.14138515438884872
1.935	0.14084690301374797
1.936	0.14031059933276555
1.937	0.13977623710477247
1.938	0.13924381010277007
1.939	0.13871331211389726
1.94	0.13818473693943956
1.941	0.1376580783948362
1.942	0.13713333030968936
1.943	0.13661048652777122
1.944	0.13608954090703304
1.945	0.13557048731961238
1.946	0.13505331965184217
1.947	0.1345380318042578
1.948	0.1340246176916063
1.949	0.1335130712428535
1.95	0.13300338640119302
1.951	0.13249555712405356
1.952	0.13198957738310785
1.953	0.13148544116427993
1.954	0.13098314246775414
1.955	0.13048267530798238
1.956	0.1299840337136931
1.957	0.12948721172789854
1.958	0.12899220340790374
1.959	0.12849900282531382
1.96	0.12800760406604283
1.961	0.12751800123032128
1.962	0.12703018843270483
1.963	0.12654415980208175
1.964	0.12605990948168183
1.965	0.12557743162908366
1.966	0.1250967204161929
1.967	0.12461777002910987
1.968	0.12414057466822244
1.969	0.12366512854825107
1.97	0.12319142589824597
1.971	0.12271946096158239
1.972	0.12224922799595761
1.973	0.12178072127338638
1.974	0.12131393508019779
1.975	0.12084886371703076
1.976	0.12038550149883093
1.977	0.1199238427548461
1.978	0.11946388182862322
1.979	0.11900561307800366
1.98	0.11854903087512031
1.981	0.1180941296063929
1.982	0.11764090367252504
1.983	0.11718934748849949
1.984	0.11673945548357521
1.985	0.11629122210128277
1.986	0.11584464179942126
1.987	0.11539970905005369
1.988	0.11495641833950399
1.989	0.11451476416835236
1.99	0.1140747410514323
1.991	0.11363634351782592
1.992	0.11319956611086096
1.993	0.11276440338810617
1.994	0.11233084992136828
1.995	0.11189890029668736
1.996	0.11146854911433385
1.997	0.11103979098880387
1.998	0.11061262054881627
1.999	0.11018703243730796
2.	0.10976302131143088